((1024, 1e-06, 0.0005, 64, 16, 16), 0.342066681818727)
((1024, 0.0001, 5e-06, 32, 128, 32), 0.34622123728010756)
((1024, 0.0001, 5e-06, 64, 32, 32), 0.34879236524157514)
((1024, 1e-05, 5e-05, 64, 16, 16), 0.3492133110691311)
((1024, 1e-05, 5e-05, 128, 64, 32), 0.3511942721555335)
((1024, 1e-05, 5e-05, 32, 64, 32), 0.3512483777557965)
((1024, 1e-05, 5e-06, 128, 32, 8), 0.35556977412616053)
((1024, 1e-05, 5e-05, 16, 32, 16), 0.3562704240519825)
((1024, 1e-06, 0.0005, 64, 128, 4), 0.35640564991384854)
((1024, 0.0001, 5e-06, 32, 64, 8), 0.3611739912574628)
((1024, 0.0001, 0.0005, 64, 128, 8), 0.3617127226003568)
((1024, 1e-05, 0.0005, 64, 32, 32), 0.3617393350865233)
((1024, 1e-05, 0.0005, 16, 16, 16), 0.3619181597749975)
((1024, 1e-05, 0.0005, 64, 32, 4), 0.36224877245132464)
((1024, 1e-06, 5e-05, 16, 16, 8), 0.3635919152724141)
((1024, 1e-05, 0.0005, 32, 32, 8), 0.3648492062530287)
((1024, 1e-05, 0.0005, 64, 128, 16), 0.36490129257590037)
((1024, 1e-05, 5e-05, 128, 32, 32), 0.36519117955804764)
((1024, 0.0001, 0.0005, 128, 16, 4), 0.366686604369805)
((1024, 1e-05, 0.0005, 64, 128, 4), 0.3670998734279412)
((1024, 1e-05, 5e-06, 32, 64, 4), 0.3672858910761781)
((1024, 0.0001, 0.0005, 16, 32, 8), 0.3679005588024955)
((1024, 1e-06, 5e-06, 64, 32, 8), 0.36862638696770067)
((1024, 0.0001, 5e-05, 16, 16, 16), 0.3714033946103867)
((1024, 0.0001, 0.0005, 64, 16, 8), 0.3716064361434955)
((1024, 1e-05, 5e-06, 64, 32, 16), 0.37221762623458543)
((1024, 0.0001, 5e-05, 64, 32, 16), 0.3725760256616868)
((1024, 1e-06, 5e-06, 128, 32, 16), 0.3729211301741556)
((1024, 0.0001, 0.0005, 64, 64, 32), 0.37344344371224725)
((1024, 1e-05, 5e-05, 64, 32, 32), 0.3736859740294676)
((1024, 1e-06, 5e-06, 32, 32, 4), 0.37382850903705245)
((1024, 0.0001, 0.0005, 64, 128, 16), 0.3748896260886209)
((1024, 1e-05, 5e-06, 16, 128, 8), 0.3749660793771933)
((1024, 1e-06, 5e-05, 16, 16, 32), 0.3750455989902977)
((1024, 0.0001, 5e-05, 16, 128, 4), 0.3765566174018293)
((1024, 1e-05, 0.0005, 128, 32, 16), 0.3765816616392779)
((1024, 0.0001, 5e-06, 64, 32, 16), 0.3769697380105518)
((1024, 1e-05, 5e-05, 64, 128, 8), 0.37739760196761624)
((1024, 1e-06, 5e-06, 64, 128, 4), 0.37826326979363356)
((1024, 1e-06, 5e-06, 32, 128, 32), 0.3784045373372837)
((1024, 0.0001, 0.0005, 16, 32, 4), 0.3791430806945758)
((1024, 1e-06, 5e-06, 32, 64, 4), 0.37918852540019043)
((1024, 1e-05, 0.0005, 32, 16, 4), 0.37953748828378964)
((1024, 0.0001, 5e-05, 32, 16, 32), 0.3795889650846371)
((1024, 0.0001, 5e-05, 128, 32, 8), 0.37992165600495065)
((1024, 0.0001, 5e-06, 16, 64, 16), 0.38157922367092934)
((1024, 1e-05, 0.0005, 128, 128, 4), 0.38165460608854934)
((1024, 0.0001, 5e-06, 64, 64, 4), 0.38256248766529655)
((1024, 1e-06, 5e-05, 128, 16, 32), 0.38274639803494864)
((1024, 1e-05, 5e-06, 64, 16, 32), 0.3833045257505131)
((1024, 0.0001, 5e-06, 128, 64, 8), 0.3833976026078759)
((1024, 0.0001, 0.0005, 16, 64, 32), 0.3837791854744736)
((1024, 0.0001, 5e-05, 16, 64, 16), 0.3840237258708006)
((1024, 1e-06, 5e-05, 16, 64, 32), 0.38442986808027724)
((1024, 0.0001, 0.0005, 64, 64, 16), 0.3844619915242173)
((1024, 0.0001, 5e-06, 32, 64, 16), 0.38615229573477994)
((1024, 0.0001, 0.0005, 64, 32, 16), 0.386524370168847)
((1024, 0.0001, 0.0005, 64, 16, 4), 0.38675083221525197)
((1024, 0.0001, 5e-06, 128, 128, 16), 0.3870390509001554)
((1024, 1e-05, 5e-05, 16, 128, 16), 0.3873777108092617)
((1024, 0.0001, 0.0005, 128, 64, 16), 0.3874918992946928)
((1024, 0.0001, 5e-05, 64, 128, 8), 0.38752756819046447)
((1024, 0.0001, 0.0005, 16, 128, 8), 0.3876698393816273)
((1024, 1e-06, 0.0005, 128, 64, 8), 0.38807059747174805)
((1024, 1e-06, 5e-06, 32, 32, 8), 0.3886103557858292)
((1024, 0.0001, 5e-05, 128, 32, 32), 0.38933525518958206)
((1024, 0.0001, 5e-06, 32, 16, 16), 0.38950681482137717)
((1024, 1e-06, 5e-05, 16, 32, 16), 0.3908665039537121)
((1024, 1e-06, 5e-05, 64, 32, 16), 0.3909000585976864)
((1024, 0.0001, 5e-05, 16, 16, 8), 0.39157691122724514)
((1024, 1e-06, 5e-06, 16, 128, 32), 0.3916069937537137)
((1024, 1e-06, 5e-06, 128, 16, 16), 0.39168247337447315)
((1024, 0.0001, 5e-05, 32, 32, 8), 0.3917198041325272)
((1024, 1e-06, 5e-06, 32, 64, 32), 0.3930367021787506)
((1024, 1e-05, 0.0005, 16, 32, 8), 0.3938260003115034)
((1024, 1e-06, 5e-06, 128, 16, 8), 0.39390029216036415)
((1024, 1e-06, 5e-06, 64, 16, 8), 0.39440430171503504)
((1024, 1e-05, 5e-05, 32, 64, 16), 0.39498003595148273)
((1024, 0.0001, 5e-05, 32, 64, 4), 0.3955324345542161)
((1024, 1e-05, 0.0005, 16, 16, 8), 0.39623610816244953)
((1024, 0.0001, 5e-06, 64, 128, 8), 0.39676873965635184)
((1024, 1e-05, 5e-06, 128, 32, 32), 0.39744448894207784)
((1024, 0.0001, 5e-05, 16, 64, 8), 0.39776634518973303)
((1024, 1e-06, 0.0005, 16, 64, 4), 0.39794895304916017)
((1024, 1e-05, 5e-05, 32, 16, 16), 0.39799390161867426)
((1024, 1e-05, 5e-06, 16, 16, 8), 0.3980139708167611)
((1024, 0.0001, 5e-05, 32, 128, 8), 0.39829735116858295)
((1024, 0.0001, 0.0005, 32, 128, 16), 0.39890659436594167)
((1024, 1e-05, 5e-06, 32, 16, 32), 0.39911475812114394)
((1024, 1e-05, 5e-06, 16, 32, 32), 0.39943690666966286)
((1024, 0.0001, 5e-05, 16, 32, 4), 0.3995041412239742)
((1024, 0.0001, 5e-05, 64, 128, 4), 0.3999815503623753)
((1024, 1e-06, 5e-06, 64, 128, 16), 0.4000928296290249)
((1024, 1e-06, 0.0005, 128, 64, 32), 0.4002851889381787)
((1024, 0.0001, 0.0005, 32, 16, 32), 0.4003181252615161)
((1024, 1e-06, 5e-06, 16, 64, 16), 0.4004112181592009)
((1024, 1e-05, 5e-06, 16, 16, 16), 0.4007690758046524)
((1024, 1e-05, 5e-05, 32, 128, 32), 0.4009540929717209)
((1024, 1e-06, 5e-05, 64, 16, 8), 0.4010159002577596)
((1024, 1e-06, 5e-06, 128, 64, 4), 0.40122432123871604)
((1024, 1e-05, 5e-05, 128, 128, 4), 0.4013978594969832)
((1024, 1e-06, 5e-06, 128, 32, 8), 0.40159569320721744)
((1024, 1e-05, 0.0005, 16, 64, 8), 0.4017082183017211)
((1024, 0.0001, 5e-05, 32, 64, 16), 0.40177351125330807)
((1024, 1e-05, 0.0005, 128, 32, 8), 0.4018130871410957)
((1024, 1e-05, 5e-06, 64, 128, 4), 0.4019220360651649)
((1024, 0.0001, 5e-05, 16, 128, 8), 0.40192725417373676)
((1024, 0.0001, 5e-06, 16, 32, 4), 0.40225010769582376)
((1024, 1e-05, 5e-06, 32, 128, 4), 0.4025586889884115)
((1024, 0.0001, 0.0005, 128, 64, 32), 0.4026022885657698)
((1024, 1e-05, 5e-05, 64, 64, 8), 0.4033733425988432)
((1024, 0.0001, 5e-06, 32, 32, 8), 0.40406612420866367)
((1024, 1e-05, 5e-05, 32, 16, 8), 0.4042552768628537)
((1024, 1e-05, 5e-05, 128, 16, 16), 0.4044520214081001)
((1024, 0.0001, 5e-05, 128, 128, 8), 0.404634130293987)
((1024, 1e-06, 5e-06, 128, 64, 16), 0.40473241203722093)
((1024, 1e-05, 5e-05, 16, 64, 4), 0.40566773096759545)
((1024, 1e-05, 0.0005, 64, 64, 8), 0.4058812940385753)
((1024, 1e-06, 5e-05, 64, 16, 4), 0.40619190701667435)
((1024, 1e-06, 5e-05, 32, 16, 32), 0.4064151033053721)
((1024, 1e-06, 0.0005, 32, 32, 4), 0.4066574460429461)
((1024, 0.0001, 0.0005, 32, 128, 8), 0.4066744806792545)
((1024, 0.0001, 5e-05, 32, 32, 16), 0.4070671938570519)
((1024, 1e-06, 5e-06, 128, 128, 32), 0.4070802751447784)
((1024, 0.0001, 0.0005, 32, 32, 16), 0.40753450292630583)
((1024, 1e-06, 5e-05, 64, 16, 16), 0.4075597860589358)
((1024, 0.0001, 5e-05, 64, 16, 16), 0.40758933981715895)
((1024, 0.0001, 5e-05, 32, 128, 4), 0.40769214269678367)
((1024, 1e-06, 5e-05, 16, 32, 8), 0.4077087635565276)
((1024, 1e-05, 5e-06, 64, 64, 8), 0.4078614881104986)
((1024, 1e-06, 0.0005, 32, 64, 32), 0.4084698424949925)
((1024, 0.0001, 0.0005, 32, 64, 32), 0.4085139913028447)
((1024, 1e-06, 5e-06, 128, 128, 16), 0.40855970128721947)
((1024, 1e-05, 5e-05, 16, 64, 16), 0.4087490620763536)
((1024, 1e-05, 5e-06, 128, 128, 32), 0.40901911340487507)
((1024, 1e-06, 0.0005, 128, 16, 16), 0.4093084306637674)
((1024, 1e-06, 5e-06, 32, 64, 16), 0.4095338400210527)
((1024, 0.0001, 0.0005, 64, 64, 4), 0.4096771909720315)
((1024, 1e-05, 5e-05, 128, 64, 16), 0.4097278478140701)
((1024, 0.0001, 0.0005, 128, 128, 8), 0.4097449680262628)
((1024, 1e-05, 5e-05, 32, 16, 4), 0.40977448872666544)
((1024, 0.0001, 5e-05, 64, 32, 8), 0.4103782421623832)
((1024, 0.0001, 5e-05, 64, 128, 32), 0.41054701402896554)
((1024, 1e-05, 5e-06, 128, 16, 32), 0.4107019717068583)
((1024, 1e-06, 0.0005, 128, 16, 4), 0.4111151732753644)
((1024, 1e-06, 5e-05, 64, 64, 16), 0.41148547289930953)
((1024, 0.0001, 5e-06, 32, 64, 32), 0.411916782764268)
((1024, 0.0001, 0.0005, 64, 32, 32), 0.41203394756259665)
((1024, 0.0001, 0.0005, 128, 32, 8), 0.4121352361291109)
((1024, 1e-06, 0.0005, 128, 32, 4), 0.412330200967015)
((1024, 1e-06, 5e-05, 128, 128, 4), 0.41283080874771844)
((1024, 1e-06, 0.0005, 32, 16, 32), 0.4131980067388703)
((1024, 0.0001, 5e-06, 128, 16, 4), 0.4135815425623632)
((1024, 1e-06, 0.0005, 128, 16, 8), 0.41409812740434526)
((1024, 1e-05, 5e-05, 64, 64, 16), 0.4141018202039034)
((1024, 1e-06, 5e-06, 64, 128, 8), 0.41411399518480024)
((1024, 1e-06, 0.0005, 16, 16, 16), 0.41413995638009493)
((1024, 0.0001, 0.0005, 64, 16, 16), 0.41440679897133553)
((1024, 1e-06, 0.0005, 16, 32, 4), 0.41445301363465165)
((1024, 1e-06, 0.0005, 16, 32, 16), 0.4146134069707017)
((1024, 1e-06, 0.0005, 64, 64, 4), 0.41547780994090955)
((1024, 1e-06, 0.0005, 128, 128, 32), 0.41578953403338503)
((1024, 0.0001, 5e-06, 16, 16, 16), 0.41597244145524476)
((1024, 1e-06, 0.0005, 32, 64, 8), 0.4160796812113815)
((1024, 1e-06, 5e-06, 64, 32, 4), 0.4166229439351453)
((1024, 0.0001, 5e-06, 32, 128, 4), 0.41714075237154413)
((1024, 1e-06, 5e-05, 128, 64, 32), 0.41735792911153924)
((1024, 1e-05, 5e-06, 64, 32, 4), 0.41770830364890227)
((1024, 1e-06, 5e-06, 16, 32, 32), 0.4179581486405975)
((1024, 1e-05, 5e-05, 128, 16, 32), 0.4179876328637405)
((1024, 1e-05, 5e-06, 128, 64, 16), 0.4181629195609554)
((1024, 1e-06, 5e-06, 64, 64, 16), 0.41822754583639277)
((1024, 1e-05, 5e-05, 64, 128, 32), 0.41846352820302946)
((1024, 0.0001, 0.0005, 32, 16, 8), 0.4186597570320217)
((1024, 1e-06, 0.0005, 128, 32, 16), 0.4195475820754256)
((1024, 1e-05, 5e-05, 64, 16, 8), 0.4203769469544332)
((1024, 0.0001, 5e-05, 32, 16, 8), 0.4206097965678238)
((1024, 0.0001, 5e-05, 16, 128, 32), 0.42063737041494814)
((1024, 0.0001, 5e-05, 32, 16, 4), 0.4210133954881986)
((1024, 1e-05, 0.0005, 32, 16, 16), 0.4213044912489074)
((1024, 1e-05, 5e-05, 128, 16, 8), 0.4213784449125964)
((1024, 0.0001, 0.0005, 128, 16, 32), 0.4213862167978355)
((1024, 1e-05, 5e-06, 32, 16, 8), 0.42154768502836487)
((1024, 1e-05, 5e-05, 32, 64, 8), 0.4215527577489835)
((1024, 0.0001, 5e-05, 64, 16, 8), 0.4217490227458583)
((1024, 0.0001, 0.0005, 32, 64, 16), 0.42212881689448495)
((1024, 1e-06, 5e-05, 32, 32, 32), 0.42240621790844146)
((1024, 0.0001, 5e-05, 32, 128, 16), 0.4227265401990926)
((1024, 1e-06, 5e-06, 32, 32, 32), 0.42308753736803506)
((1024, 1e-05, 0.0005, 16, 32, 16), 0.4232755524113764)
((1024, 1e-06, 5e-05, 64, 16, 32), 0.42363762658233867)
((1024, 0.0001, 5e-06, 128, 128, 32), 0.4236722877231945)
((1024, 1e-05, 5e-05, 128, 128, 16), 0.4239291512071975)
((1024, 1e-06, 5e-06, 64, 32, 32), 0.42393399450989033)
((1024, 0.0001, 5e-05, 128, 16, 16), 0.4239656811653333)
((1024, 1e-06, 5e-06, 16, 64, 4), 0.42472258337765056)
((1024, 1e-06, 5e-06, 32, 16, 4), 0.4247634179830355)
((1024, 1e-05, 0.0005, 32, 128, 32), 0.4248584974140511)
((1024, 0.0001, 5e-06, 16, 128, 32), 0.42493054997975943)
((1024, 0.0001, 5e-05, 128, 16, 4), 0.425082769512433)
((1024, 1e-05, 5e-06, 128, 16, 16), 0.42531741385528316)
((1024, 1e-05, 5e-06, 32, 128, 8), 0.4254631010401865)
((1024, 1e-06, 5e-05, 32, 64, 32), 0.425904356506087)
((1024, 1e-05, 5e-06, 16, 32, 4), 0.4259420951256804)
((1024, 1e-06, 0.0005, 64, 64, 32), 0.42680581382586824)
((1024, 1e-05, 5e-05, 64, 64, 32), 0.4268915646183202)
((1024, 1e-06, 5e-05, 64, 128, 32), 0.4269336832756355)
((1024, 1e-05, 5e-06, 16, 16, 4), 0.42735107048792276)
((1024, 1e-05, 0.0005, 128, 16, 16), 0.4275544272332648)
((1024, 1e-06, 5e-05, 32, 128, 8), 0.42755637509065675)
((1024, 1e-06, 5e-05, 64, 32, 4), 0.42760961696141164)
((1024, 0.0001, 0.0005, 128, 32, 32), 0.4276325877647759)
((1024, 0.0001, 0.0005, 16, 16, 8), 0.4276965039254947)
((1024, 1e-06, 0.0005, 16, 128, 4), 0.42858981072816815)
((1024, 0.0001, 0.0005, 64, 16, 32), 0.4288364703573328)
((1024, 1e-05, 0.0005, 128, 16, 8), 0.4288540686275359)
((1024, 0.0001, 5e-05, 16, 64, 4), 0.42886501145404554)
((1024, 1e-06, 5e-05, 16, 128, 4), 0.4288786047822162)
((1024, 1e-05, 5e-05, 32, 64, 4), 0.42888812309129803)
((1024, 0.0001, 0.0005, 32, 32, 32), 0.4289148896310422)
((1024, 0.0001, 5e-05, 64, 128, 16), 0.42904162542813995)
((1024, 1e-05, 0.0005, 32, 16, 32), 0.42914749595212354)
((1024, 0.0001, 5e-06, 64, 16, 16), 0.4293123315713019)
((1024, 1e-06, 5e-06, 64, 128, 32), 0.4294364486674733)
((1024, 1e-05, 5e-06, 128, 16, 4), 0.429679598307701)
((1024, 1e-06, 5e-06, 16, 128, 16), 0.4296810029740017)
((1024, 0.0001, 5e-05, 32, 128, 32), 0.4297157679279191)
((1024, 1e-06, 0.0005, 32, 32, 16), 0.42981506562958793)
((1024, 0.0001, 0.0005, 128, 16, 8), 0.43010635229347066)
((1024, 0.0001, 5e-05, 16, 32, 8), 0.4303736303492089)
((1024, 1e-05, 5e-06, 32, 16, 4), 0.43073593749623473)
((1024, 0.0001, 5e-05, 128, 128, 4), 0.43086499850946935)
((1024, 0.0001, 5e-06, 32, 32, 32), 0.43098027907100994)
((1024, 1e-06, 5e-06, 32, 128, 8), 0.4313488170258658)
((1024, 1e-05, 5e-06, 16, 128, 32), 0.4318582374616215)
((1024, 0.0001, 5e-06, 32, 32, 4), 0.43214702512648906)
((1024, 0.0001, 0.0005, 64, 32, 4), 0.4326421536859296)
((1024, 1e-05, 0.0005, 128, 32, 32), 0.43269133056187475)
((1024, 0.0001, 0.0005, 16, 128, 4), 0.43277310271034786)
((1024, 1e-05, 5e-05, 16, 16, 16), 0.432795790631749)
((1024, 1e-05, 5e-06, 64, 128, 16), 0.4328281642166657)
((1024, 0.0001, 5e-05, 64, 16, 4), 0.43285077874982203)
((1024, 0.0001, 0.0005, 16, 64, 8), 0.43322798226118336)
((1024, 0.0001, 5e-05, 32, 16, 16), 0.4337295829869333)
((1024, 0.0001, 5e-06, 128, 32, 16), 0.43378278251461216)
((1024, 1e-05, 0.0005, 64, 128, 32), 0.43394272230107933)
((1024, 1e-05, 0.0005, 128, 32, 4), 0.4344371774135423)
((1024, 0.0001, 0.0005, 32, 32, 8), 0.43457362799748084)
((1024, 1e-05, 5e-06, 128, 16, 8), 0.4352775439977624)
((1024, 1e-06, 5e-06, 64, 64, 8), 0.4355749593732818)
((1024, 1e-06, 0.0005, 32, 128, 32), 0.43561403286999767)
((1024, 0.0001, 5e-05, 32, 64, 32), 0.4356521029218868)
((1024, 1e-05, 0.0005, 64, 16, 32), 0.4357538476402071)
((1024, 0.0001, 5e-05, 128, 64, 16), 0.43649252737555116)
((1024, 0.0001, 5e-06, 32, 16, 8), 0.43651905464337476)
((1024, 1e-06, 0.0005, 16, 64, 8), 0.4369002397522902)
((1024, 1e-06, 0.0005, 32, 16, 8), 0.43693757731114874)
((1024, 0.0001, 0.0005, 32, 64, 8), 0.43698029210393885)
((1024, 1e-05, 5e-06, 64, 128, 8), 0.43744081165536763)
((1024, 1e-05, 0.0005, 128, 64, 32), 0.4376989909800455)
((1024, 0.0001, 5e-06, 32, 32, 16), 0.43790026136923943)
((1024, 0.0001, 0.0005, 64, 32, 8), 0.43921571024623207)
((1024, 1e-06, 5e-05, 32, 128, 16), 0.43925647798219064)
((1024, 1e-06, 5e-05, 16, 128, 16), 0.4393888150244903)
((1024, 0.0001, 5e-06, 16, 16, 8), 0.44010991332597393)
((1024, 1e-05, 0.0005, 16, 128, 32), 0.4401806796241702)
((1024, 0.0001, 5e-06, 64, 32, 4), 0.44050058745975773)
((1024, 1e-05, 5e-06, 128, 32, 4), 0.4406835101795381)
((1024, 1e-05, 5e-05, 16, 16, 32), 0.44075515846412755)
((1024, 0.0001, 5e-06, 64, 128, 32), 0.4410025575607615)
((1024, 1e-05, 0.0005, 128, 128, 16), 0.4411131615882247)
((1024, 0.0001, 0.0005, 32, 128, 32), 0.4411948695890938)
((1024, 1e-05, 5e-06, 16, 64, 4), 0.4417148075689776)
((1024, 0.0001, 5e-06, 128, 32, 32), 0.4422026615601672)
((1024, 1e-06, 0.0005, 64, 16, 32), 0.4424106907530437)
((1024, 1e-05, 5e-06, 64, 64, 32), 0.442451204687767)
((1024, 1e-05, 0.0005, 128, 64, 4), 0.44271533267367075)
((1024, 0.0001, 0.0005, 64, 64, 8), 0.44346504326801256)
((1024, 1e-06, 0.0005, 64, 128, 32), 0.44388324552807773)
((1024, 1e-05, 5e-06, 16, 32, 16), 0.4441781453097473)
((1024, 0.0001, 5e-05, 64, 64, 4), 0.44494788375474625)
((1024, 0.0001, 0.0005, 32, 16, 4), 0.4450830017326504)
((1024, 0.0001, 0.0005, 32, 64, 4), 0.4450926039217749)
((1024, 1e-06, 5e-06, 16, 64, 32), 0.4452067180273428)
((1024, 0.0001, 5e-05, 128, 32, 4), 0.44536662997242554)
((1024, 1e-05, 0.0005, 16, 32, 32), 0.44542492344468976)
((1024, 0.0001, 5e-06, 16, 64, 32), 0.44563818825770907)
((1024, 1e-06, 5e-06, 16, 128, 4), 0.44586987108587367)
((1024, 0.0001, 5e-06, 128, 64, 16), 0.4460683002626963)
((1024, 1e-05, 5e-06, 128, 128, 8), 0.4463383111536158)
((1024, 1e-06, 5e-05, 32, 16, 4), 0.44671880665789304)
((1024, 1e-06, 0.0005, 16, 32, 8), 0.44742810286606816)
((1024, 0.0001, 5e-05, 128, 16, 32), 0.4481204988620133)
((1024, 1e-06, 5e-06, 128, 32, 32), 0.4485885268384326)
((1024, 1e-06, 0.0005, 64, 32, 8), 0.4485971888643161)
((1024, 1e-06, 5e-05, 16, 32, 32), 0.44867043072201435)
((1024, 1e-05, 0.0005, 128, 128, 8), 0.44879572620406083)
((1024, 0.0001, 0.0005, 128, 128, 4), 0.4489711102018779)
((1024, 1e-05, 5e-05, 128, 32, 8), 0.44900673107642625)
((1024, 0.0001, 5e-05, 128, 64, 4), 0.44937599656547667)
((1024, 0.0001, 5e-05, 16, 32, 16), 0.44938061608035584)
((1024, 0.0001, 5e-05, 64, 64, 8), 0.4501806158985904)
((1024, 1e-06, 5e-06, 32, 128, 16), 0.4508069026230858)
((1024, 1e-05, 5e-06, 32, 128, 32), 0.45093697691255896)
((1024, 0.0001, 5e-05, 128, 64, 32), 0.4509901508424323)
((1024, 1e-05, 5e-06, 128, 64, 8), 0.45122175574320794)
((1024, 1e-06, 5e-06, 64, 16, 32), 0.4524918498421242)
((1024, 0.0001, 5e-05, 32, 32, 32), 0.45251363407521883)
((1024, 0.0001, 5e-05, 128, 64, 8), 0.4526497096957865)
((1024, 1e-06, 5e-06, 128, 16, 32), 0.45275924989425154)
((1024, 1e-05, 5e-05, 32, 128, 8), 0.45348376180327216)
((1024, 1e-05, 5e-06, 16, 128, 16), 0.453703952101473)
((1024, 1e-05, 5e-05, 16, 64, 8), 0.45377113569108457)
((1024, 0.0001, 0.0005, 32, 32, 4), 0.45392847523342783)
((1024, 0.0001, 5e-06, 64, 64, 16), 0.4544119244440624)
((1024, 0.0001, 0.0005, 128, 128, 16), 0.4544792938556638)
((1024, 1e-06, 5e-06, 64, 64, 32), 0.4546874254934899)
((1024, 1e-06, 5e-05, 128, 128, 16), 0.4548328960820401)
((1024, 1e-06, 5e-06, 128, 64, 32), 0.45513591909428075)
((1024, 1e-06, 5e-05, 16, 64, 16), 0.4557446201341101)
((1024, 1e-05, 5e-05, 64, 128, 4), 0.4560347763843814)
((1024, 1e-06, 0.0005, 16, 64, 32), 0.4560797137842512)
((1024, 1e-05, 5e-05, 32, 128, 4), 0.45616017757048805)
((1024, 0.0001, 5e-05, 32, 32, 4), 0.45665843489330965)
((1024, 1e-05, 5e-05, 128, 128, 32), 0.4567585961551445)
((1024, 1e-06, 0.0005, 128, 16, 32), 0.45680682864665584)
((1024, 1e-06, 5e-05, 128, 16, 16), 0.457101915238208)
((1024, 1e-06, 5e-06, 128, 64, 8), 0.457552777762224)
((1024, 1e-06, 5e-05, 64, 128, 8), 0.4579852885755592)
((1024, 1e-05, 5e-06, 128, 128, 16), 0.45803805564122396)
((1024, 1e-06, 5e-05, 128, 32, 4), 0.4585796201138087)
((1024, 1e-05, 0.0005, 16, 16, 32), 0.45859578198058554)
((1024, 0.0001, 5e-05, 64, 32, 32), 0.4588298703836494)
((1024, 1e-05, 5e-05, 32, 32, 16), 0.4588462829742098)
((1024, 1e-06, 5e-05, 32, 32, 16), 0.45886351103947043)
((1024, 1e-06, 5e-05, 32, 64, 8), 0.4590298853906639)
((1024, 0.0001, 5e-05, 128, 128, 16), 0.45915269096601496)
((1024, 0.0001, 5e-06, 128, 16, 8), 0.45915603029361696)
((1024, 1e-05, 5e-06, 32, 64, 32), 0.4601561828335176)
((1024, 0.0001, 0.0005, 16, 64, 16), 0.46187993607399813)
((1024, 1e-05, 5e-05, 128, 64, 8), 0.4619573081782423)
((1024, 1e-06, 5e-06, 32, 128, 4), 0.4621329400939825)
((1024, 1e-05, 5e-05, 16, 16, 8), 0.46220396076781906)
((1024, 1e-06, 5e-06, 64, 32, 16), 0.46224245950915366)
((1024, 1e-05, 5e-05, 16, 128, 4), 0.46248894038359406)
((1024, 1e-05, 5e-06, 32, 64, 16), 0.46261618769714635)
((1024, 0.0001, 5e-06, 16, 32, 16), 0.46327797461666353)
((1024, 0.0001, 5e-06, 64, 128, 4), 0.46344407829374534)
((1024, 1e-05, 0.0005, 16, 64, 32), 0.4635512047076742)
((1024, 1e-06, 5e-06, 32, 16, 8), 0.46429805848563244)
((1024, 1e-05, 5e-05, 16, 32, 4), 0.46488058289136885)
((1024, 0.0001, 5e-06, 128, 16, 16), 0.4650031067188079)
((1024, 1e-06, 5e-06, 16, 128, 8), 0.4651857562979761)
((1024, 1e-05, 0.0005, 32, 64, 32), 0.46558199800765576)
((1024, 1e-06, 0.0005, 32, 16, 16), 0.465735206702262)
((1024, 0.0001, 5e-06, 64, 16, 8), 0.46592023112566944)
((1024, 0.0001, 0.0005, 128, 128, 32), 0.46624701551093195)
((1024, 1e-05, 5e-05, 64, 16, 32), 0.46701124176365205)
((1024, 0.0001, 0.0005, 16, 128, 16), 0.4681174501606195)
((1024, 1e-05, 5e-05, 64, 32, 4), 0.46860538673706964)
((1024, 1e-05, 5e-06, 32, 32, 32), 0.4686544127095965)
((1024, 1e-05, 0.0005, 32, 64, 4), 0.46884503646559184)
((1024, 1e-06, 5e-06, 128, 128, 4), 0.4691496340279806)
((1024, 1e-06, 5e-06, 64, 16, 16), 0.46984654283601673)
((1024, 1e-05, 5e-06, 64, 32, 8), 0.4704163405735155)
((1024, 1e-05, 0.0005, 32, 32, 4), 0.4706366005623071)
((1024, 0.0001, 0.0005, 128, 64, 4), 0.4706556672522829)
((1024, 1e-06, 0.0005, 64, 16, 8), 0.47093461795010694)
((1024, 1e-06, 5e-05, 32, 32, 8), 0.4709467897314436)
((1024, 0.0001, 5e-06, 32, 128, 16), 0.4720036799380845)
((1024, 1e-06, 5e-05, 64, 32, 32), 0.47267455154046184)
((1024, 1e-05, 5e-05, 32, 16, 32), 0.4726881259681503)
((1024, 0.0001, 0.0005, 64, 128, 4), 0.4726893670292077)
((1024, 0.0001, 5e-06, 16, 128, 4), 0.4729151593797185)
((1024, 1e-05, 5e-05, 32, 32, 8), 0.4730740830103622)
((1024, 1e-05, 5e-06, 32, 32, 8), 0.47361924209813505)
((1024, 1e-05, 5e-05, 32, 32, 32), 0.4737002548702005)
((1024, 1e-05, 0.0005, 64, 16, 16), 0.4737351217063138)
((1024, 0.0001, 0.0005, 128, 16, 16), 0.4738539701698944)
((1024, 1e-06, 5e-05, 32, 128, 32), 0.4753118323359241)
((1024, 1e-05, 0.0005, 64, 32, 8), 0.4755034423490069)
((1024, 1e-06, 5e-06, 64, 16, 4), 0.475694252835561)
((1024, 0.0001, 0.0005, 128, 32, 16), 0.47579582107882756)
((1024, 0.0001, 5e-06, 64, 32, 8), 0.475802779562437)
((1024, 1e-05, 5e-06, 32, 32, 16), 0.4765926725582861)
((1024, 1e-05, 0.0005, 32, 64, 16), 0.4770549624854643)
((1024, 1e-06, 5e-05, 32, 16, 8), 0.47731099150457845)
((1024, 1e-05, 0.0005, 64, 64, 32), 0.4775171534297543)
((1024, 0.0001, 5e-05, 64, 64, 32), 0.47824435944426813)
((1024, 1e-06, 5e-05, 128, 128, 8), 0.4783964622247099)
((1024, 1e-05, 5e-06, 128, 128, 4), 0.4788725050607792)
((1024, 0.0001, 0.0005, 16, 64, 4), 0.479444606738875)
((1024, 0.0001, 5e-06, 128, 32, 8), 0.4794724231798399)
((1024, 1e-05, 0.0005, 16, 16, 4), 0.4795856351173033)
((1024, 1e-06, 5e-06, 128, 128, 8), 0.4800228235834388)
((1024, 0.0001, 0.0005, 128, 32, 4), 0.4800644545869433)
((1024, 1e-06, 5e-06, 128, 16, 4), 0.4803912440772062)
((1024, 1e-06, 5e-06, 16, 16, 16), 0.4804961008932377)
((1024, 1e-06, 0.0005, 32, 64, 4), 0.4807908032597401)
((1024, 1e-05, 5e-06, 64, 64, 16), 0.4809755175680313)
((1024, 1e-06, 0.0005, 32, 32, 8), 0.4811976317665406)
((1024, 1e-05, 0.0005, 64, 32, 16), 0.4813631660917789)
((1024, 1e-05, 5e-05, 16, 16, 4), 0.4814499233524375)
((1024, 0.0001, 5e-06, 128, 128, 8), 0.4818693510812686)
((1024, 0.0001, 5e-06, 32, 64, 4), 0.4821295721639353)
((1024, 1e-06, 0.0005, 16, 128, 32), 0.4822363386763648)
((1024, 1e-05, 5e-06, 16, 64, 32), 0.48393893958929296)
((1024, 1e-06, 0.0005, 16, 16, 8), 0.48414956343122856)
((1024, 1e-06, 5e-05, 16, 16, 16), 0.48481408779680163)
((1024, 1e-05, 0.0005, 32, 32, 32), 0.4850133660824646)
((1024, 1e-06, 0.0005, 64, 128, 16), 0.48544760807825255)
((1024, 1e-05, 5e-06, 64, 16, 8), 0.4855419279696446)
((1024, 0.0001, 5e-06, 16, 64, 8), 0.4856968642651104)
((1024, 1e-06, 5e-05, 128, 128, 32), 0.4861836665592457)
((1024, 0.0001, 5e-05, 128, 128, 32), 0.4864664591114785)
((1024, 1e-06, 5e-05, 64, 64, 8), 0.4864786891046376)
((1024, 1e-06, 5e-05, 16, 128, 32), 0.48650569031761726)
((1024, 0.0001, 5e-05, 32, 64, 8), 0.4865610367668912)
((1024, 1e-05, 0.0005, 64, 16, 8), 0.4867186166840694)
((1024, 1e-06, 0.0005, 32, 128, 16), 0.48722228095726905)
((1024, 1e-06, 0.0005, 64, 32, 4), 0.4874606831821756)
((1024, 1e-06, 5e-05, 16, 128, 8), 0.4876966222346635)
((1024, 1e-05, 5e-05, 16, 64, 32), 0.4877157390541841)
((1024, 1e-06, 5e-06, 32, 16, 32), 0.4879409027146258)
((1024, 1e-06, 0.0005, 64, 128, 8), 0.4882575206107356)
((1024, 0.0001, 5e-05, 64, 16, 32), 0.48857794478149363)
((1024, 1e-06, 5e-05, 16, 64, 4), 0.4889052097217764)
((1024, 1e-05, 5e-05, 16, 32, 32), 0.489357664967296)
((1024, 1e-05, 0.0005, 64, 64, 4), 0.48946837951834893)
((1024, 0.0001, 5e-05, 16, 128, 16), 0.4896723639717147)
((1024, 0.0001, 5e-06, 16, 128, 8), 0.48972204647921497)
((1024, 0.0001, 5e-06, 64, 64, 8), 0.4907696924296868)
((1024, 0.0001, 5e-05, 64, 32, 4), 0.4908529427205783)
((1024, 1e-05, 5e-06, 16, 64, 8), 0.49099594023360593)
((1024, 1e-06, 0.0005, 32, 16, 4), 0.49133933606758995)
((1024, 1e-05, 5e-06, 64, 16, 4), 0.49251918327212)
((1024, 1e-06, 5e-06, 32, 64, 8), 0.49270501466366173)
((1024, 1e-06, 5e-05, 32, 16, 16), 0.4949158711209204)
((1024, 1e-05, 5e-06, 64, 32, 32), 0.49502350697572955)
((1024, 1e-06, 5e-05, 128, 64, 16), 0.49726972725767954)
((1024, 0.0001, 5e-06, 32, 128, 8), 0.4979081165454795)
((1024, 0.0001, 5e-06, 16, 16, 4), 0.4985213432481185)
((1024, 1e-05, 5e-06, 32, 128, 16), 0.4992495651416068)
((1024, 1e-06, 5e-05, 32, 64, 16), 0.49927842229393016)
((1024, 1e-06, 5e-06, 16, 16, 8), 0.49953622454825464)
((1024, 1e-06, 0.0005, 16, 16, 4), 0.500358790005967)
((1024, 1e-06, 0.0005, 128, 128, 8), 0.5008102615477715)
((1024, 1e-05, 5e-06, 32, 16, 16), 0.5011151062252573)
((1024, 1e-05, 0.0005, 32, 128, 4), 0.501216136411944)
((1024, 1e-05, 5e-05, 64, 32, 16), 0.5012993125434884)
((1024, 1e-06, 5e-05, 64, 128, 16), 0.5025073033729015)
((1024, 0.0001, 0.0005, 16, 128, 32), 0.5027538499046825)
((1024, 0.0001, 0.0005, 16, 32, 16), 0.5030485292698238)
((1024, 1e-06, 0.0005, 16, 64, 16), 0.5041581904064053)
((1024, 1e-05, 5e-06, 16, 128, 4), 0.505576362489576)
((1024, 1e-05, 0.0005, 16, 64, 16), 0.5058706907945002)
((1024, 1e-06, 0.0005, 64, 32, 16), 0.5059684785623048)
((1024, 1e-06, 0.0005, 128, 32, 8), 0.5069406786760582)
((1024, 1e-06, 5e-05, 128, 32, 8), 0.507086985791)
((1024, 0.0001, 5e-06, 32, 16, 4), 0.5076733785717622)
((1024, 1e-06, 0.0005, 64, 16, 4), 0.5084425281042565)
((1024, 1e-06, 5e-06, 16, 16, 32), 0.508752857859786)
((1024, 1e-06, 5e-05, 128, 16, 8), 0.5100031222111182)
((1024, 1e-05, 5e-06, 16, 32, 8), 0.5100664092775271)
((1024, 1e-05, 5e-05, 16, 128, 8), 0.510141031345788)
((1024, 1e-05, 0.0005, 128, 64, 8), 0.5118693254130947)
((1024, 0.0001, 5e-06, 16, 32, 32), 0.5119148374736725)
((1024, 1e-06, 5e-06, 16, 64, 8), 0.511919610789497)
((1024, 1e-05, 5e-05, 64, 64, 4), 0.5125134058839186)
((1024, 1e-05, 0.0005, 16, 32, 4), 0.5126020392029754)
((1024, 1e-06, 5e-05, 128, 64, 8), 0.513549031193913)
((1024, 1e-06, 0.0005, 16, 32, 32), 0.5136918870320637)
((1024, 1e-06, 5e-05, 32, 128, 4), 0.5137112639151696)
((1024, 1e-06, 5e-06, 16, 32, 16), 0.5138076313812624)
((1024, 1e-05, 5e-05, 32, 128, 16), 0.5140616563468885)
((1024, 0.0001, 5e-06, 16, 128, 16), 0.5142626724141557)
((1024, 1e-05, 5e-05, 128, 128, 8), 0.5144546198199916)
((1024, 1e-06, 0.0005, 64, 64, 16), 0.5151265904933122)
((1024, 1e-06, 0.0005, 32, 32, 32), 0.5159341220673912)
((1024, 0.0001, 5e-06, 32, 16, 32), 0.5168625694960276)
((1024, 0.0001, 5e-06, 64, 128, 16), 0.5172686191808296)
((1024, 0.0001, 0.0005, 32, 16, 16), 0.5172899315697337)
((1024, 1e-06, 5e-05, 64, 64, 4), 0.5176188470067533)
((1024, 1e-06, 0.0005, 128, 32, 32), 0.5180776102164043)
((1024, 1e-05, 5e-05, 128, 64, 4), 0.5185076639762616)
((1024, 1e-05, 0.0005, 16, 128, 4), 0.5186358461086427)
((1024, 0.0001, 5e-06, 16, 64, 4), 0.518719106511605)
((1024, 0.0001, 5e-05, 128, 16, 8), 0.5191405862949808)
((1024, 1e-06, 0.0005, 128, 64, 16), 0.5213086324515804)
((1024, 1e-06, 5e-06, 32, 16, 16), 0.5217181188550395)
((1024, 1e-05, 5e-05, 64, 128, 16), 0.5221633635033317)
((1024, 1e-06, 0.0005, 16, 16, 32), 0.5228687845361132)
((1024, 0.0001, 5e-05, 16, 64, 32), 0.523063201737745)
((1024, 1e-06, 5e-06, 16, 32, 8), 0.5235192527068218)
((1024, 1e-05, 5e-06, 64, 16, 16), 0.5236612700059088)
((1024, 1e-05, 5e-05, 16, 128, 32), 0.5248552289052385)
((1024, 0.0001, 5e-05, 64, 64, 16), 0.5261065829213921)
((1024, 1e-05, 0.0005, 128, 64, 16), 0.5266787623152512)
((1024, 1e-06, 5e-06, 32, 32, 16), 0.5269507638370344)
((1024, 1e-05, 0.0005, 32, 64, 8), 0.5276290827607041)
((1024, 0.0001, 5e-05, 16, 16, 32), 0.5278716934872646)
((1024, 1e-06, 0.0005, 128, 128, 4), 0.5281437232006229)
((1024, 1e-06, 5e-05, 16, 32, 4), 0.528744855431399)
((1024, 0.0001, 0.0005, 16, 16, 32), 0.5290987393380318)
((1024, 1e-06, 5e-05, 64, 64, 32), 0.5301080389530193)
((1024, 0.0001, 5e-05, 16, 16, 4), 0.5308952711542361)
((1024, 1e-06, 5e-05, 32, 32, 4), 0.5317033314561298)
((1024, 1e-05, 0.0005, 32, 128, 8), 0.5321475250436575)
((1024, 1e-05, 5e-05, 32, 32, 4), 0.5325043174571634)
((1024, 1e-06, 5e-06, 16, 32, 4), 0.5329259242554488)
((1024, 1e-06, 5e-05, 16, 16, 4), 0.533001049071754)
((1024, 1e-06, 5e-05, 128, 32, 32), 0.5343812771474642)
((1024, 1e-05, 5e-06, 128, 64, 4), 0.5346864019154358)
((1024, 1e-05, 5e-06, 32, 32, 4), 0.5353743856327412)
((1024, 1e-05, 5e-06, 32, 64, 8), 0.53601237166258)
((1024, 1e-06, 5e-05, 128, 64, 4), 0.5363858410525242)
((1024, 1e-05, 5e-06, 16, 16, 32), 0.536519577489432)
((1024, 1e-05, 5e-05, 128, 16, 4), 0.5370522383664871)
((1024, 1e-05, 5e-06, 128, 32, 16), 0.5373626474185023)
((1024, 1e-05, 0.0005, 128, 128, 32), 0.5374621253605011)
((1024, 1e-06, 0.0005, 64, 32, 32), 0.5384824946946487)
((1024, 1e-06, 5e-05, 16, 64, 8), 0.5389005839329852)
((1024, 1e-05, 5e-06, 64, 128, 32), 0.5392762304933504)
((1024, 1e-06, 5e-05, 32, 64, 4), 0.5405173952474598)
((1024, 1e-06, 5e-06, 64, 64, 4), 0.541973993127801)
((1024, 1e-06, 5e-05, 64, 128, 4), 0.5442235146758213)
((1024, 0.0001, 5e-06, 64, 16, 32), 0.5443382818002286)
((1024, 0.0001, 5e-05, 128, 32, 16), 0.5443796393111411)
((1024, 1e-05, 0.0005, 128, 16, 4), 0.5447912750108037)
((1024, 1e-05, 0.0005, 64, 16, 4), 0.5448161211134156)
((1024, 1e-05, 5e-06, 128, 64, 32), 0.5453125034212246)
((1024, 0.0001, 5e-05, 16, 32, 32), 0.5461899649710295)
((1024, 1e-06, 5e-05, 128, 16, 4), 0.5466463453197371)
((1024, 0.0001, 5e-06, 128, 64, 32), 0.5474339077978555)
((1024, 0.0001, 5e-06, 128, 32, 4), 0.5486047140857697)
((1024, 1e-06, 5e-06, 128, 32, 4), 0.5489956061138795)
((1024, 0.0001, 0.0005, 16, 16, 4), 0.5491143771842314)
((1024, 1e-05, 5e-05, 64, 16, 4), 0.5491221055751898)
((1024, 1e-05, 5e-05, 128, 32, 4), 0.5497519615177529)
((1024, 0.0001, 5e-06, 128, 16, 32), 0.5515371134916369)
((1024, 0.0001, 5e-06, 64, 16, 4), 0.5603319912235956)
((1024, 1e-05, 0.0005, 64, 128, 8), 0.5609290733998635)
((1024, 0.0001, 5e-06, 16, 32, 8), 0.5661958238020143)
((1024, 1e-05, 0.0005, 32, 16, 8), 0.571271948898548)
((1024, 0.0001, 5e-06, 64, 64, 32), 0.5715561825530523)
((1024, 1e-05, 0.0005, 32, 128, 16), 0.5743796711876351)
((1024, 1e-05, 0.0005, 128, 16, 32), 0.5782975006791937)
((1024, 0.0001, 0.0005, 16, 32, 32), 0.5795667479230238)
((1024, 1e-05, 0.0005, 16, 128, 8), 0.5797857927337758)
((1024, 1e-05, 0.0005, 64, 64, 16), 0.5812162748006819)
((1024, 1e-06, 0.0005, 128, 128, 16), 0.5870918684834706)
((1024, 0.0001, 5e-06, 16, 16, 32), 0.5952560274966147)
((1024, 0.0001, 0.0005, 64, 128, 32), 0.5968034028670396)
((1024, 0.0001, 5e-06, 128, 128, 4), 0.5988812296248598)
((1024, 1e-05, 5e-06, 16, 64, 16), 0.6001100165595319)
((1024, 1e-05, 5e-05, 128, 32, 16), 0.6035270714431832)
((1024, 0.0001, 5e-06, 128, 64, 4), 0.6047073670217159)
((1024, 1e-05, 5e-05, 16, 32, 8), 0.6082686502728148)
((1024, 1e-06, 5e-05, 64, 32, 8), 0.6087312683097518)
((1024, 0.0001, 0.0005, 128, 64, 8), 0.6117608856240367)
((1024, 0.0001, 0.0005, 16, 16, 16), 0.6124509537063133)
((1024, 1e-05, 5e-05, 64, 32, 8), 0.6213214635883363)
((1024, 1e-06, 5e-05, 128, 32, 16), 0.6217643485814374)
((1024, 1e-06, 5e-06, 16, 16, 4), 0.6228898688560782)
((1024, 1e-06, 0.0005, 64, 64, 8), 0.6232363508568114)
((1024, 1e-06, 0.0005, 32, 128, 8), 0.62702278520226)
((1024, 1e-05, 5e-06, 64, 64, 4), 0.635644516771203)
((1024, 1e-05, 0.0005, 16, 64, 4), 0.6483004220782195)
((1024, 1e-05, 0.0005, 16, 128, 16), 0.6526136178668748)
((1024, 1e-05, 0.0005, 32, 32, 16), 0.6606921726111022)
((1024, 0.0001, 0.0005, 32, 128, 4), 0.6710517659830394)
((1024, 1e-06, 0.0005, 16, 128, 8), 0.6833833840289979)
((1024, 1e-06, 0.0005, 128, 64, 4), 0.684119180809356)
((1024, 1e-06, 0.0005, 32, 64, 16), 0.6960099995907782)
((1024, 1e-06, 0.0005, 16, 128, 16), 0.7109407346272753)
((1024, 1e-06, 0.0005, 32, 128, 4), 0.7892275346336234)
