((1024, 0.001, 0.005, 128, 16, 8), 3.614350183124304, -5.619262417285319, 17)
((1024, 0.001, 0.005, 64, 16, 8), 3.6845124628295913, -6.594859112346505, 20)
((1024, 0.001, 0.005, 8, 32, 16), 3.6947879732076965, -6.005056122614804, 13)
((1024, 0.001, 0.005, 64, 32, 32), 3.70801858573161, -6.951649280379818, 5)
((1024, 0.001, 0.005, 32, 4, 32), 3.7422259159282185, -6.679138156841084, 26)
((1024, 0.001, 0.005, 128, 128, 2), 3.7455420717640147, -8.389524554226869, 7)
((1024, 0.001, 0.005, 4, 32, 4), 3.774749008531947, -7.658298892435608, 19)
((1024, 0.001, 0.005, 8, 64, 32), 3.778513517100141, -6.450345501887548, 9)
((1024, 0.001, 0.005, 2, 4, 8), 3.787894484235358, -6.260640183231487, 3)
((1024, 0.001, 0.005, 128, 16, 16), 3.803910521851145, -6.978835878908226, 20)
((1024, 0.001, 0.005, 16, 4, 16), 3.8229583369482762, -6.079871178537558, 16)
((1024, 0.001, 0.005, 4, 2, 2), 3.829188151138304, -7.40324445904087, 25)
((1024, 0.001, 0.005, 8, 128, 4), 3.838012086020813, -7.719032862936841, 15)
((1024, 0.001, 0.005, 16, 4, 4), 3.8416158986010265, -7.792108569357466, 24)
((1024, 0.001, 0.005, 64, 16, 32), 3.8516332649055234, -6.956966992508897, 20)
((1024, 0.001, 0.005, 32, 2, 2), 3.8564924700870553, -7.618978741586519, 20)
((1024, 0.001, 0.005, 8, 16, 4), 3.866104783067759, -8.122919121935807, 22)
((1024, 0.001, 0.005, 8, 4, 2), 3.8850446883250567, -7.497794022274414, 41)
((1024, 0.001, 0.005, 128, 2, 32), 3.885791091655311, -7.733203449079044, 18)
((1024, 0.001, 0.005, 128, 2, 16), 3.8887227393578896, -7.821862891979158, 4)
((1024, 0.001, 0.005, 8, 16, 2), 3.8908718181195496, -6.390043965119205, 11)
((1024, 0.001, 0.005, 128, 4, 8), 3.8945647557495637, -7.2540077990612435, 14)
((1024, 0.001, 0.005, 32, 32, 8), 3.9100391079138794, -6.339027042507498, 5)
((1024, 0.001, 0.005, 64, 32, 8), 3.9201670696457342, -7.492789530242235, 8)
((1024, 0.001, 0.005, 8, 32, 8), 3.9280750538969915, -6.53603582265522, 16)
((1024, 0.001, 0.005, 128, 32, 4), 3.9347890924205884, -11.283276766617478, 3)
((1024, 0.001, 0.005, 64, 8, 8), 3.939294631056074, -5.984262117310876, 2)
((1024, 0.001, 0.005, 64, 8, 2), 3.9407467971579138, -8.837569510226116, 7)
((1024, 0.001, 0.005, 2, 4, 2), 3.9430255767299194, -8.3753987000782, 84)
((1024, 0.001, 0.005, 4, 4, 4), 3.948281045445079, -6.836303177586863, 18)
((1024, 0.001, 0.005, 128, 16, 4), 3.9583922495466504, -9.804857971348627, 1)
((1024, 0.001, 0.005, 128, 32, 16), 3.967546135488107, -7.443861436602121, 19)
((1024, 0.001, 0.005, 64, 128, 4), 3.9686316628180616, -7.846061794110421, 2)
((1024, 0.001, 0.005, 4, 64, 32), 3.969850004352791, -8.636372273123143, 8)
((1024, 0.001, 0.005, 16, 64, 16), 3.97271355907041, -8.172505940000201, 4)
((1024, 0.001, 0.005, 16, 32, 16), 3.9755918264411294, -8.417356358448062, 19)
((1024, 0.001, 0.005, 32, 32, 2), 3.9809717606650485, -7.533236292423014, 10)
((1024, 0.001, 0.005, 32, 4, 4), 3.9810311571630113, -6.533953675615094, 14)
((1024, 0.001, 0.005, 64, 4, 8), 3.9882925227873427, -9.356855495612338, 18)
((1024, 0.001, 0.005, 32, 4, 8), 3.9969445627927227, -8.087056793172737, 20)
((1024, 0.001, 0.005, 16, 4, 8), 3.9998353283637433, -8.987125848507366, 20)
((1024, 0.001, 0.005, 128, 128, 32), 4.001985385503104, -11.19419902128115, 5)
((1024, 0.001, 0.005, 32, 32, 4), 4.012740955376125, -8.082801092041358, 16)
((1024, 0.001, 0.005, 64, 64, 32), 4.01564155932398, -6.686278070198419, 18)
((1024, 0.001, 0.005, 4, 32, 2), 4.0304081299756405, -8.085844745455129, 1)
((1024, 0.001, 0.005, 16, 4, 2), 4.034286217462174, -9.050952727030705, 23)
((1024, 0.001, 0.005, 2, 16, 32), 4.0378751292402555, -8.146904915075138, 11)
((1024, 0.001, 0.005, 2, 4, 32), 4.057126397656036, -8.036708576650751, 0)
((1024, 0.001, 0.005, 64, 2, 16), 4.059291227267415, -6.859531528408929, 19)
((1024, 0.001, 0.005, 2, 32, 8), 4.059889743479741, -8.644571470258418, 7)
((1024, 0.001, 0.005, 4, 4, 2), 4.06416949432823, -8.42393930951831, 0)
((1024, 0.001, 0.005, 8, 16, 32), 4.0647831918025545, -9.354932595717827, 5)
((1024, 0.001, 0.005, 128, 64, 16), 4.069321607536896, -7.591266533453153, 0)
((1024, 0.001, 0.005, 64, 8, 16), 4.072237734408537, -8.895426786080776, 0)
((1024, 0.001, 0.005, 64, 2, 32), 4.073039207241733, -6.949829262577552, 5)
((1024, 0.001, 0.005, 128, 2, 4), 4.074249759438884, -7.555334734213139, 3)
((1024, 0.001, 0.005, 128, 64, 2), 4.077147985819192, -6.189713555340538, 8)
((1024, 0.001, 0.005, 4, 32, 32), 4.0922014506744215, -7.563813824598585, 2)
((1024, 0.001, 0.005, 64, 64, 8), 4.092232006177654, -8.35525548531446, 6)
((1024, 0.001, 0.005, 2, 16, 4), 4.100806051397282, -9.177678413202147, 7)
((1024, 0.001, 0.005, 4, 8, 2), 4.108122056106622, -9.044081699778275, 0)
((1024, 0.001, 0.005, 8, 2, 4), 4.116952729709488, -7.070781507851628, 42)
((1024, 0.001, 0.005, 32, 8, 16), 4.119564720484457, -8.114677292533473, 18)
((1024, 0.001, 0.005, 16, 32, 4), 4.129307518584543, -7.536032270323417, 6)
((1024, 0.001, 0.005, 2, 16, 2), 4.15544484907842, -9.711199442925485, 1)
((1024, 0.001, 0.005, 16, 8, 8), 4.156238604460239, -8.873767450384415, 2)
((1024, 0.001, 0.005, 64, 16, 4), 4.156412270806752, -7.620467302392206, 4)
((1024, 0.001, 0.005, 128, 16, 2), 4.157453090917211, -8.668389397517876, 4)
((1024, 0.001, 0.005, 64, 128, 16), 4.158228392000991, -8.640967470839913, 0)
((1024, 0.001, 0.005, 8, 8, 2), 4.159104218094768, -6.799354419329732, 7)
((1024, 0.001, 0.005, 16, 8, 32), 4.166037459636417, -7.0268354340458306, 0)
((1024, 0.001, 0.005, 32, 8, 8), 4.178995542500209, -6.974665162396215, 5)
((1024, 0.001, 0.005, 128, 8, 16), 4.183673491371061, -8.37505907907859, 17)
((1024, 0.001, 0.005, 128, 64, 32), 4.197006110795185, -9.151878785831824, 2)
((1024, 0.001, 0.005, 64, 32, 4), 4.229835687832856, -7.9089637603153795, 19)
((1024, 0.001, 0.005, 128, 4, 2), 4.233860243011293, -7.901119066217364, 22)
((1024, 0.001, 0.005, 128, 32, 2), 4.246010716803512, -6.350601630187698, 0)
((1024, 0.001, 0.005, 4, 4, 32), 4.248908806597787, -7.2618831458903355, 21)
((1024, 0.001, 0.005, 16, 128, 32), 4.254224927393864, -9.63356155169478, 7)
((1024, 0.001, 0.005, 2, 64, 8), 4.2542876552929885, -9.19979635783497, 7)
((1024, 0.001, 0.005, 4, 32, 16), 4.263289841832497, -7.2398225263968845, 9)
((1024, 0.001, 0.005, 4, 4, 16), 4.276003003987928, -9.439243216639433, 0)
((1024, 0.001, 0.005, 16, 16, 4), 4.276268200072776, -8.5561427485817, 14)
((1024, 0.001, 0.005, 64, 128, 8), 4.277548051813143, -7.88118996927033, 19)
((1024, 0.001, 0.005, 8, 64, 2), 4.283805041022073, -11.310526455031264, 30)
((1024, 0.001, 0.005, 16, 16, 32), 4.290550458987057, -8.462159298022316, 5)
((1024, 0.001, 0.005, 8, 4, 8), 4.292424406855396, -7.446336588673737, 11)
((1024, 0.001, 0.005, 2, 64, 4), 4.304299402053817, -7.05662335512426, 0)
((1024, 0.001, 0.005, 64, 32, 2), 4.305345685517706, -7.3726207452072785, 1)
((1024, 0.001, 0.005, 4, 2, 32), 4.317626815631233, -7.853060627230809, 0)
((1024, 0.001, 0.005, 8, 2, 16), 4.324416237561839, -6.21538297258272, 9)
((1024, 0.001, 0.005, 32, 128, 32), 4.332449854136107, -7.956955765011047, 1)
((1024, 0.001, 0.005, 2, 64, 16), 4.3372227784342385, -7.437672569961584, 1)
((1024, 0.001, 0.005, 4, 64, 4), 4.3384866216680065, -9.56894567603665, 0)
((1024, 0.001, 0.005, 2, 32, 16), 4.3392978847615815, -8.708614319559741, 0)
((1024, 0.001, 0.005, 8, 32, 4), 4.350847366037543, -7.5214562380792165, 6)
((1024, 0.001, 0.005, 64, 64, 4), 4.352995264970737, -10.910444736903262, 5)
((1024, 0.001, 0.005, 4, 2, 16), 4.356841571302539, -6.512937058260831, 14)
((1024, 0.001, 0.005, 4, 16, 4), 4.357441058328607, -7.790212833643308, 0)
((1024, 0.001, 0.005, 8, 8, 4), 4.366411827558535, -10.297843100559248, 2)
((1024, 0.001, 0.005, 2, 2, 32), 4.37297059185822, -7.164989969808112, 1)
((1024, 0.001, 0.005, 8, 8, 8), 4.38556349495995, -8.98352475211892, 5)
((1024, 0.001, 0.005, 128, 4, 16), 4.3884858507298805, -7.824213322765841, 1)
((1024, 0.001, 0.005, 64, 4, 4), 4.392860282904353, -7.339249594843265, 18)
((1024, 0.001, 0.005, 64, 32, 16), 4.3950160409190575, -9.996531979907202, 4)
((1024, 0.001, 0.005, 64, 2, 8), 4.3951359303687925, -7.924452927862385, 7)
((1024, 0.001, 0.005, 16, 32, 8), 4.397128602469213, -8.957027334219632, 12)
((1024, 0.001, 0.005, 16, 16, 2), 4.397776812031508, -8.277772662528704, 1)
((1024, 0.001, 0.005, 32, 64, 16), 4.397811479328043, -7.735026650621789, 7)
((1024, 0.001, 0.005, 16, 64, 2), 4.403526013700997, -7.584488969969783, 0)
((1024, 0.001, 0.005, 128, 8, 8), 4.415552862876741, -7.635407041672685, 1)
((1024, 0.001, 0.005, 32, 64, 8), 4.424746503556464, -8.64542006351168, 4)
((1024, 0.001, 0.005, 128, 128, 8), 4.42870073981371, -8.852699979464559, 0)
((1024, 0.001, 0.005, 4, 16, 2), 4.435431819764123, -7.957489065450296, 2)
((1024, 0.001, 0.005, 8, 2, 2), 4.4469233814667515, -8.166299692311911, 1)
((1024, 0.001, 0.005, 64, 16, 2), 4.452994912563339, -7.769036218945822, 6)
((1024, 0.001, 0.005, 4, 8, 4), 4.453060540191874, -9.627118987196424, 0)
((1024, 0.001, 0.005, 4, 16, 16), 4.466760472623722, -8.950754828876795, 3)
((1024, 0.001, 0.005, 16, 32, 2), 4.477632726081942, -7.988206044469878, 2)
((1024, 0.001, 0.005, 2, 4, 4), 4.489774132604077, -8.272563673770156, 2)
((1024, 0.001, 0.005, 64, 64, 16), 4.4975917797421685, -7.374920529340593, 0)
((1024, 0.001, 0.005, 16, 128, 16), 4.503433999257679, -10.244133086584847, 15)
((1024, 0.001, 0.005, 64, 4, 2), 4.504188930459221, -7.201358373266197, 6)
((1024, 0.001, 0.005, 128, 2, 8), 4.510773983064363, -10.04931950370044, 0)
((1024, 0.001, 0.005, 16, 8, 4), 4.524458498216804, -7.652609986697093, 4)
((1024, 0.001, 0.005, 16, 2, 4), 4.529636044261033, -8.357431631557697, 16)
((1024, 0.001, 0.005, 64, 64, 2), 4.536138388226476, -9.172311631303678, 0)
((1024, 0.001, 0.005, 128, 16, 32), 4.536554357015132, -9.703542677625855, 5)
((1024, 0.001, 0.005, 4, 16, 8), 4.546269484391279, -8.406167867386316, 1)
((1024, 0.001, 0.005, 32, 8, 2), 4.549377654918362, -9.050965665112757, 10)
((1024, 0.001, 0.005, 4, 2, 8), 4.558685399925033, -11.365565334586451, 15)
((1024, 0.001, 0.005, 16, 2, 8), 4.568686394000268, -7.796585205438548, 40)
((1024, 0.001, 0.005, 64, 16, 16), 4.57376153364944, -9.46524241791788, 5)
((1024, 0.001, 0.005, 64, 4, 16), 4.5806060915253095, -9.507849058313537, 1)
((1024, 0.001, 0.005, 32, 8, 32), 4.615694948092749, -6.994022782016367, 4)
((1024, 0.001, 0.005, 32, 32, 32), 4.6165407961531875, -8.901234821511787, 11)
((1024, 0.001, 0.005, 8, 128, 8), 4.622781913069961, -9.788485662524577, 0)
((1024, 0.001, 0.005, 8, 8, 16), 4.626907519291627, -8.047985981560968, 2)
((1024, 0.001, 0.005, 2, 128, 32), 4.629461480245051, -9.148451176812422, 6)
((1024, 0.001, 0.005, 8, 2, 32), 4.633685878740492, -7.922041154557781, 15)
((1024, 0.001, 0.005, 4, 2, 4), 4.639210497641724, -9.668443902426118, 2)
((1024, 0.001, 0.005, 8, 2, 8), 4.655508695108259, -9.738673314440199, 3)
((1024, 0.001, 0.005, 8, 128, 32), 4.658467320457536, -9.59159492777031, 0)
((1024, 0.001, 0.005, 128, 128, 4), 4.663356092689191, -8.277783214345595, 0)
((1024, 0.001, 0.005, 2, 8, 8), 4.676577636293854, -7.331260720125455, 0)
((1024, 0.001, 0.005, 4, 8, 16), 4.678465196017747, -8.900609698863704, 10)
((1024, 0.001, 0.005, 32, 8, 4), 4.678753900269886, -10.217509967513385, 5)
((1024, 0.001, 0.005, 2, 64, 32), 4.684009049923342, -7.479666198129416, 0)
((1024, 0.001, 0.005, 4, 8, 8), 4.697330111913405, -8.289042007075052, 6)
((1024, 0.001, 0.005, 16, 4, 32), 4.701409681596291, -8.03127791368916, 6)
((1024, 0.001, 0.005, 2, 8, 32), 4.707766143324732, -11.028433579959657, 0)
((1024, 0.001, 0.005, 16, 8, 16), 4.708838079328635, -9.617381119043655, 1)
((1024, 0.001, 0.005, 32, 64, 2), 4.715560146217325, -9.0102482638968, 9)
((1024, 0.001, 0.005, 4, 32, 8), 4.720668604614174, -7.288841357809931, 0)
((1024, 0.001, 0.005, 16, 16, 8), 4.724664172374392, -10.194068632181668, 8)
((1024, 0.001, 0.005, 8, 128, 16), 4.726413738940997, -10.40743757472672, 2)
((1024, 0.001, 0.005, 4, 8, 32), 4.726569904594551, -8.607927523485415, 5)
((1024, 0.001, 0.005, 2, 128, 2), 4.742287139842739, -6.788798279885639, 0)
((1024, 0.001, 0.005, 2, 2, 4), 4.746629311759529, -8.56290143291561, 0)
((1024, 0.001, 0.005, 2, 8, 2), 4.767777501969841, -10.374519653715266, 0)
((1024, 0.001, 0.005, 2, 8, 16), 4.769543656493129, -9.230730973565725, 0)
((1024, 0.001, 0.005, 32, 16, 32), 4.771324448973031, -8.28838454825734, 4)
((1024, 0.001, 0.005, 32, 128, 16), 4.782632950284749, -8.451851007535398, 0)
((1024, 0.001, 0.005, 8, 16, 16), 4.796348710419847, -11.006052831984988, 6)
((1024, 0.001, 0.005, 64, 8, 32), 4.807927902200839, -8.976390457551156, 4)
((1024, 0.001, 0.005, 8, 64, 16), 4.812883037018131, -7.77723945431334, 2)
((1024, 0.001, 0.005, 128, 32, 8), 4.821801715198067, -8.142556813281315, 0)
((1024, 0.001, 0.005, 16, 2, 32), 4.841454535664596, -9.999204801930851, 3)
((1024, 0.001, 0.005, 32, 2, 8), 4.844903198965518, -10.40270991857434, 11)
((1024, 0.001, 0.005, 4, 4, 8), 4.85271229508351, -8.963728754099094, 3)
((1024, 0.001, 0.005, 16, 64, 8), 4.866524247718757, -11.298327404894865, 9)
((1024, 0.001, 0.005, 8, 8, 32), 4.873913259646315, -10.826678346858973, 0)
((1024, 0.001, 0.005, 16, 8, 2), 4.874830275369519, -9.93197054474213, 14)
((1024, 0.001, 0.005, 2, 32, 32), 4.896288256492161, -9.087908945188525, 0)
((1024, 0.001, 0.005, 128, 2, 2), 4.907095249484608, -8.451454185949103, 32)
((1024, 0.001, 0.005, 4, 64, 16), 4.91231390618206, -10.341837587648412, 7)
((1024, 0.001, 0.005, 8, 16, 8), 4.936352277226327, -8.545183190794276, 0)
((1024, 0.001, 0.005, 128, 32, 32), 4.945184473897156, -8.82881282491955, 1)
((1024, 0.001, 0.005, 32, 128, 8), 4.946781082174757, -9.140963758633534, 0)
((1024, 0.001, 0.005, 32, 64, 4), 4.964062958520289, -8.628161109950305, 0)
((1024, 0.001, 0.005, 16, 64, 32), 4.970868048835614, -9.433955435375383, 0)
((1024, 0.001, 0.005, 16, 16, 16), 4.972278282139487, -8.775080247348386, 6)
((1024, 0.001, 0.005, 32, 16, 2), 4.97633787927613, -8.272405453772764, 0)
((1024, 0.001, 0.005, 2, 8, 4), 4.98805040992339, -8.646283147473985, 4)
((1024, 0.001, 0.005, 4, 128, 32), 4.991651948118203, -7.683984362834975, 0)
((1024, 0.001, 0.005, 32, 4, 16), 4.997170477863955, -9.142955563592494, 17)
((1024, 0.001, 0.005, 128, 8, 2), 5.02064581207213, -9.773483893181059, 1)
((1024, 0.001, 0.005, 64, 128, 2), 5.020834755949131, -7.884312365171794, 0)
((1024, 0.001, 0.005, 16, 2, 16), 5.044231846227738, -9.427986706360606, 4)
((1024, 0.001, 0.005, 8, 4, 16), 5.060460296932255, -10.244551359092561, 0)
((1024, 0.001, 0.005, 2, 16, 8), 5.069675320500338, -9.880595659278198, 1)
((1024, 0.001, 0.005, 16, 128, 2), 5.091303711590379, -7.861383165061967, 0)
((1024, 0.001, 0.005, 32, 2, 32), 5.096843311706606, -8.773875350593146, 1)
((1024, 0.001, 0.005, 4, 64, 2), 5.1366253299291635, -8.704743419774788, 0)
((1024, 0.001, 0.005, 64, 8, 4), 5.138031510454583, -10.664107915076805, 13)
((1024, 0.001, 0.005, 4, 128, 4), 5.149982434924131, -9.500323674097999, 6)
((1024, 0.001, 0.005, 16, 32, 32), 5.185683797185247, -11.212729883401167, 1)
((1024, 0.001, 0.005, 32, 64, 32), 5.202727297119122, -8.34481809596535, 0)
((1024, 0.001, 0.005, 128, 4, 4), 5.254551033599713, -9.73938267719164, 4)
((1024, 0.001, 0.005, 2, 4, 16), 5.260847342414684, -12.139010878352916, 21)
((1024, 0.001, 0.005, 32, 128, 4), 5.264559071827316, -9.666956919959814, 8)
((1024, 0.001, 0.005, 8, 32, 32), 5.332295504044538, -10.21044790520304, 0)
((1024, 0.001, 0.005, 32, 16, 8), 5.340578522650689, -13.927593731094587, 1)
((1024, 0.001, 0.005, 128, 8, 32), 5.344043859806801, -8.980615939198834, 2)
((1024, 0.001, 0.005, 4, 16, 32), 5.344617718221483, -8.006722387591076, 4)
((1024, 0.001, 0.005, 64, 128, 32), 5.392660311477589, -7.399378330284015, 0)
((1024, 0.001, 0.005, 2, 32, 2), 5.394005202749614, -11.502806167496278, 0)
((1024, 0.001, 0.005, 128, 64, 8), 5.4030972186130235, -10.187683586360082, 0)
((1024, 0.001, 0.005, 32, 16, 16), 5.404143906379539, -10.294033149315162, 0)
((1024, 0.001, 0.005, 32, 4, 2), 5.432305077060455, -8.540381565917592, 0)
((1024, 0.001, 0.005, 32, 32, 16), 5.471777741879893, -9.839209290749935, 2)
((1024, 0.001, 0.005, 8, 64, 4), 5.489617545847016, -11.282999728326956, 0)
((1024, 0.001, 0.005, 32, 2, 16), 5.493186122251801, -9.377963635140112, 4)
((1024, 0.001, 0.005, 8, 64, 8), 5.495965241247973, -10.064737383830215, 6)
((1024, 0.001, 0.005, 2, 2, 16), 5.511042248010167, -9.902080483128003, 0)
((1024, 0.001, 0.005, 8, 4, 4), 5.526166170736801, -9.538672109778283, 6)
((1024, 0.001, 0.005, 32, 16, 4), 5.532266594861186, -12.091433498821939, 14)
((1024, 0.001, 0.005, 128, 128, 16), 5.568963934617597, -9.96923479007542, 0)
((1024, 0.001, 0.005, 64, 2, 2), 5.580773110534015, -7.816918482380672, 10)
((1024, 0.001, 0.005, 2, 128, 8), 5.606422543708301, -10.109806903375757, 0)
((1024, 0.001, 0.005, 2, 2, 8), 5.680771731266357, -10.78595646064346, 4)
((1024, 0.001, 0.005, 128, 8, 4), 5.694633817522893, -7.759755793584077, 13)
((1024, 0.001, 0.005, 128, 4, 32), 5.701393383983545, -9.335071901573492, 2)
((1024, 0.001, 0.005, 8, 4, 32), 5.706859677840201, -12.479609980110668, 21)
((1024, 0.001, 0.005, 32, 2, 4), 5.765088490325204, -9.276165453999845, 2)
((1024, 0.001, 0.005, 2, 2, 2), 5.76907173747362, -10.217491289381046, 10)
((1024, 0.001, 0.005, 2, 16, 16), 5.933110550549304, -8.48536317134848, 0)
((1024, 0.001, 0.005, 16, 64, 4), 5.94503422934057, -11.91706634363702, 18)
((1024, 0.001, 0.005, 64, 4, 32), 5.9848584894788655, -12.53665894439122, 14)
((1024, 0.001, 0.005, 16, 2, 2), 6.093765522249668, -10.016530992579652, 12)
((1024, 0.001, 0.005, 128, 64, 4), 6.129394397022845, -13.30531751905519, 0)
((1024, 0.001, 0.005, 4, 128, 16), 6.225963264724141, -11.331108664576506, 0)
((1024, 0.001, 0.005, 64, 2, 4), 6.263308540191689, -10.649579911984995, 5)
((1024, 0.001, 0.005, 16, 128, 8), 6.553014998751912, -9.82005732465828, 0)
((1024, 0.001, 0.005, 4, 64, 8), 6.849068861088236, -7.486537173489241, 0)
((1024, 0.001, 0.005, 32, 128, 2), 7.0640713323802, -8.942429320390453, 5)
((1024, 0.001, 0.005, 16, 128, 4), 7.422460600716697, -7.4261201577791445, 23)
((1024, 0.001, 0.005, 8, 128, 2), 7.467057018635034, -7.379922692983448, 19)
((1024, 0.001, 0.005, 2, 32, 4), 7.687114999531998, -10.74554007456063, 0)
((1024, 0.001, 0.005, 8, 32, 2), 7.712727581827745, -10.869617450941778, 0)
((1024, 0.001, 0.005, 2, 128, 4), 7.863875710544575, -7.942501332900314, 0)
((1024, 0.001, 0.005, 4, 128, 8), 8.94412122655903, -8.567171550665137, 46)
((1024, 0.001, 0.005, 4, 128, 2), 9.060372725529696, -8.200965707977831, 0)
((1024, 0.001, 0.005, 2, 64, 2), 9.35624779874583, -10.665555538589466, 16)
((1024, 0.001, 0.005, 2, 128, 16), 10.580810053968278, -8.69867703280792, 0)
