((1024, 0.0001, 0.0005, 128, 64, 4), 3.7388835586843587, -5.500870901382765, 3)
((1024, 0.0001, 0.0005, 4, 128, 32), 3.7632611881785896, -7.164060902296845, 1)
((1024, 0.0001, 0.0005, 16, 64, 16), 3.7826269697412096, -6.185452963105726, 4)
((1024, 0.0001, 0.0005, 128, 128, 16), 3.7853382721682527, -6.240916704657352, 14)
((1024, 0.0001, 0.0005, 16, 128, 16), 3.804140946251333, -7.308257579757472, 14)
((1024, 0.0001, 0.0005, 64, 4, 32), 3.829367582765896, -6.965736362158262, 25)
((1024, 0.0001, 0.0005, 8, 4, 8), 3.832000088135501, -6.4614563949297334, 6)
((1024, 0.0001, 0.0005, 32, 64, 8), 3.8542763747677027, -8.95521966246396, 21)
((1024, 0.0001, 0.0005, 16, 16, 4), 3.865415258584416, -6.474762731155195, 0)
((1024, 0.0001, 0.0005, 32, 128, 32), 3.8811005866764354, -10.585792946781654, 25)
((1024, 0.0001, 0.0005, 64, 4, 2), 3.892434915810257, -6.324225749857553, 2)
((1024, 0.0001, 0.0005, 4, 128, 16), 3.9183756283080458, -6.569673640021329, 9)
((1024, 0.0001, 0.0005, 4, 32, 8), 3.9200895917312404, -6.899103622567948, 0)
((1024, 0.0001, 0.0005, 16, 2, 16), 3.937343043260274, -5.563373661618183, 34)
((1024, 0.0001, 0.0005, 32, 32, 4), 3.951600817645773, -7.660167155726214, 3)
((1024, 0.0001, 0.0005, 4, 2, 8), 3.9647854528498825, -6.883149323276549, 21)
((1024, 0.0001, 0.0005, 2, 16, 8), 3.9685365074133885, -6.579486367854729, 0)
((1024, 0.0001, 0.0005, 64, 128, 32), 3.9708222451649178, -7.641496824955821, 9)
((1024, 0.0001, 0.0005, 16, 4, 4), 3.9935546729981315, -6.984506796091202, 2)
((1024, 0.0001, 0.0005, 128, 32, 8), 4.00968948570885, -6.683107831651336, 12)
((1024, 0.0001, 0.0005, 2, 32, 8), 4.017107259449766, -6.615072153774479, 5)
((1024, 0.0001, 0.0005, 128, 8, 16), 4.033773588040498, -8.777179210404013, 23)
((1024, 0.0001, 0.0005, 32, 64, 16), 4.03595374873757, -8.374754542163842, 6)
((1024, 0.0001, 0.0005, 32, 64, 32), 4.059896709767845, -8.419356836612122, 17)
((1024, 0.0001, 0.0005, 128, 2, 32), 4.0651539555073875, -7.0456336142293585, 1)
((1024, 0.0001, 0.0005, 64, 2, 4), 4.0692322932836715, -6.79181123945675, 0)
((1024, 0.0001, 0.0005, 64, 32, 16), 4.0785214162960495, -7.616744897229354, 9)
((1024, 0.0001, 0.0005, 32, 64, 2), 4.078842514767438, -6.8312502680905505, 0)
((1024, 0.0001, 0.0005, 8, 32, 2), 4.082214570528231, -7.089839126678806, 5)
((1024, 0.0001, 0.0005, 32, 16, 2), 4.101658623614548, -7.474184062337812, 26)
((1024, 0.0001, 0.0005, 2, 128, 4), 4.104527027981047, -7.198010255200344, 2)
((1024, 0.0001, 0.0005, 2, 128, 32), 4.113375015118882, -9.908484127595154, 16)
((1024, 0.0001, 0.0005, 8, 2, 2), 4.1247155767019885, -7.386290473986973, 6)
((1024, 0.0001, 0.0005, 64, 128, 8), 4.129655660073138, -7.896417997833645, 2)
((1024, 0.0001, 0.0005, 32, 16, 16), 4.1319819122415, -7.602745358950868, 13)
((1024, 0.0001, 0.0005, 8, 16, 4), 4.132820693613709, -8.09894856941687, 0)
((1024, 0.0001, 0.0005, 2, 8, 4), 4.13998331629852, -6.546581526831402, 0)
((1024, 0.0001, 0.0005, 16, 64, 4), 4.14116538652979, -7.8730728912229875, 5)
((1024, 0.0001, 0.0005, 128, 64, 2), 4.141731491785741, -8.279909397264491, 16)
((1024, 0.0001, 0.0005, 64, 64, 8), 4.1435345957988385, -7.534660216850157, 20)
((1024, 0.0001, 0.0005, 8, 4, 16), 4.143967596719617, -7.733328927280966, 80)
((1024, 0.0001, 0.0005, 128, 32, 32), 4.149825187264343, -9.180822954604253, 0)
((1024, 0.0001, 0.0005, 32, 4, 16), 4.156893997384192, -8.059515461354067, 11)
((1024, 0.0001, 0.0005, 2, 8, 16), 4.164742743987194, -6.8630604746378925, 1)
((1024, 0.0001, 0.0005, 64, 64, 32), 4.16793482038614, -10.691499780265069, 15)
((1024, 0.0001, 0.0005, 32, 2, 4), 4.170047704771394, -6.9812454076429145, 0)
((1024, 0.0001, 0.0005, 128, 64, 32), 4.176304417882408, -9.271043885154173, 4)
((1024, 0.0001, 0.0005, 64, 128, 16), 4.177633011085328, -7.292646206648136, 3)
((1024, 0.0001, 0.0005, 16, 2, 4), 4.180342980348982, -7.54507170782648, 5)
((1024, 0.0001, 0.0005, 128, 4, 8), 4.187798980309889, -8.794401115528926, 0)
((1024, 0.0001, 0.0005, 16, 16, 16), 4.188917647392243, -6.724472625753419, 0)
((1024, 0.0001, 0.0005, 4, 4, 32), 4.191045132332679, -7.129027519314386, 1)
((1024, 0.0001, 0.0005, 64, 64, 4), 4.197355185560159, -6.176611527165978, 14)
((1024, 0.0001, 0.0005, 128, 2, 4), 4.198939610684146, -8.806577617398348, 22)
((1024, 0.0001, 0.0005, 128, 32, 4), 4.202757233696477, -7.552901584708861, 21)
((1024, 0.0001, 0.0005, 2, 16, 32), 4.204478369990926, -7.168244998863097, 7)
((1024, 0.0001, 0.0005, 4, 64, 8), 4.211028955911096, -9.24793367029001, 24)
((1024, 0.0001, 0.0005, 2, 32, 2), 4.212540391516998, -6.930168388934063, 4)
((1024, 0.0001, 0.0005, 16, 128, 4), 4.215103955712395, -6.729509989813457, 0)
((1024, 0.0001, 0.0005, 128, 32, 2), 4.223813908339967, -9.90267280961538, 0)
((1024, 0.0001, 0.0005, 8, 2, 16), 4.227641357473278, -8.075070997514635, 3)
((1024, 0.0001, 0.0005, 4, 8, 4), 4.253074305418861, -6.789354989037194, 3)
((1024, 0.0001, 0.0005, 8, 32, 4), 4.253932755697626, -7.786315675067336, 6)
((1024, 0.0001, 0.0005, 128, 2, 2), 4.263937913365946, -9.097425559809297, 20)
((1024, 0.0001, 0.0005, 8, 4, 2), 4.275592705188439, -7.49296499364945, 15)
((1024, 0.0001, 0.0005, 64, 16, 32), 4.283357267094558, -8.042057361805634, 3)
((1024, 0.0001, 0.0005, 16, 8, 2), 4.2879301362053255, -7.429520174822715, 23)
((1024, 0.0001, 0.0005, 16, 16, 8), 4.303049651469099, -7.971840360503484, 10)
((1024, 0.0001, 0.0005, 4, 2, 32), 4.306688212897797, -8.360445237818324, 59)
((1024, 0.0001, 0.0005, 64, 64, 2), 4.312570244258283, -8.367925913631671, 8)
((1024, 0.0001, 0.0005, 32, 128, 4), 4.313546918158723, -7.811813346085826, 2)
((1024, 0.0001, 0.0005, 64, 4, 16), 4.327313111173453, -8.623480880376547, 0)
((1024, 0.0001, 0.0005, 128, 4, 16), 4.336028837100431, -7.302215223734088, 20)
((1024, 0.0001, 0.0005, 64, 2, 2), 4.343311447863775, -7.680559821689187, 14)
((1024, 0.0001, 0.0005, 32, 16, 32), 4.3519102217212, -7.68647346117941, 25)
((1024, 0.0001, 0.0005, 16, 4, 8), 4.364234162559593, -7.974556472609422, 4)
((1024, 0.0001, 0.0005, 4, 16, 2), 4.367012288766201, -7.405515029085627, 24)
((1024, 0.0001, 0.0005, 64, 32, 32), 4.3670270225468855, -7.623895854924944, 17)
((1024, 0.0001, 0.0005, 4, 8, 8), 4.376570099470856, -8.017101245963325, 19)
((1024, 0.0001, 0.0005, 4, 64, 2), 4.379262545580563, -8.524467368631576, 21)
((1024, 0.0001, 0.0005, 64, 4, 4), 4.385383805534067, -7.589433531031047, 1)
((1024, 0.0001, 0.0005, 32, 2, 8), 4.387704595638105, -9.762748990628156, 44)
((1024, 0.0001, 0.0005, 64, 8, 8), 4.392443039270833, -8.90963581268, 20)
((1024, 0.0001, 0.0005, 32, 2, 2), 4.398412428025543, -8.752425076661822, 47)
((1024, 0.0001, 0.0005, 32, 128, 8), 4.399724184058819, -8.662480292303526, 0)
((1024, 0.0001, 0.0005, 128, 128, 4), 4.403457919819908, -9.133401600391265, 1)
((1024, 0.0001, 0.0005, 2, 2, 32), 4.404687713531606, -7.695994133802061, 5)
((1024, 0.0001, 0.0005, 4, 32, 32), 4.417376221401005, -7.963093653555668, 6)
((1024, 0.0001, 0.0005, 64, 16, 2), 4.4239861003784196, -7.601379967242101, 17)
((1024, 0.0001, 0.0005, 16, 128, 32), 4.424127135312791, -6.645155995918254, 5)
((1024, 0.0001, 0.0005, 16, 128, 8), 4.424420111807743, -8.826024392080598, 1)
((1024, 0.0001, 0.0005, 128, 128, 8), 4.431720089011973, -10.826815597994312, 4)
((1024, 0.0001, 0.0005, 8, 128, 2), 4.4359656158446485, -7.765344614896619, 11)
((1024, 0.0001, 0.0005, 32, 4, 32), 4.439466367160868, -8.211493009879815, 37)
((1024, 0.0001, 0.0005, 64, 8, 4), 4.439616875999079, -8.304358979515023, 24)
((1024, 0.0001, 0.0005, 32, 32, 32), 4.443979224553702, -8.009635944363422, 5)
((1024, 0.0001, 0.0005, 4, 4, 2), 4.4453803290273495, -10.791527396988826, 0)
((1024, 0.0001, 0.0005, 128, 32, 16), 4.4540877754043855, -8.361683372534905, 4)
((1024, 0.0001, 0.0005, 4, 64, 4), 4.4572699284509465, -7.635061174931101, 0)
((1024, 0.0001, 0.0005, 32, 32, 16), 4.462121352853716, -7.9216363883682686, 23)
((1024, 0.0001, 0.0005, 2, 32, 16), 4.462675886741442, -7.7938102708982075, 26)
((1024, 0.0001, 0.0005, 2, 8, 32), 4.468028033739581, -7.905384008270878, 6)
((1024, 0.0001, 0.0005, 32, 8, 2), 4.468449589713239, -8.990499421254343, 1)
((1024, 0.0001, 0.0005, 2, 64, 32), 4.469285193581329, -7.119322959695539, 1)
((1024, 0.0001, 0.0005, 2, 8, 2), 4.473973327086452, -7.598649400780488, 3)
((1024, 0.0001, 0.0005, 2, 2, 8), 4.487158913706847, -6.100695921488118, 1)
((1024, 0.0001, 0.0005, 8, 32, 16), 4.495444733727139, -12.085769963167301, 13)
((1024, 0.0001, 0.0005, 4, 16, 32), 4.514093721088402, -7.610923097274208, 8)
((1024, 0.0001, 0.0005, 64, 8, 2), 4.522680862899144, -9.007570171610112, 22)
((1024, 0.0001, 0.0005, 128, 2, 8), 4.526878032216255, -6.887106860424327, 38)
((1024, 0.0001, 0.0005, 16, 32, 8), 4.5293295250162675, -9.923195480963505, 5)
((1024, 0.0001, 0.0005, 8, 32, 8), 4.529858351730458, -7.570727433389044, 0)
((1024, 0.0001, 0.0005, 64, 32, 4), 4.534752952251014, -9.412945367541427, 9)
((1024, 0.0001, 0.0005, 64, 32, 8), 4.540330795249395, -8.879282578273374, 0)
((1024, 0.0001, 0.0005, 16, 8, 4), 4.549451616847683, -7.350970582166129, 9)
((1024, 0.0001, 0.0005, 2, 2, 16), 4.568653534766467, -7.358259720578998, 97)
((1024, 0.0001, 0.0005, 4, 8, 16), 4.569730666976504, -8.141778324061384, 21)
((1024, 0.0001, 0.0005, 32, 32, 8), 4.573468284823524, -8.72407536525712, 21)
((1024, 0.0001, 0.0005, 4, 64, 16), 4.577179718733677, -10.356734265974517, 4)
((1024, 0.0001, 0.0005, 4, 4, 16), 4.577670115307703, -8.140220400967246, 1)
((1024, 0.0001, 0.0005, 128, 64, 16), 4.578361338964694, -7.635842587655936, 4)
((1024, 0.0001, 0.0005, 2, 64, 16), 4.592118289700059, -8.301083624121349, 0)
((1024, 0.0001, 0.0005, 128, 128, 2), 4.593888883591565, -8.396815672124434, 1)
((1024, 0.0001, 0.0005, 2, 64, 4), 4.60668881893019, -8.152832488491173, 0)
((1024, 0.0001, 0.0005, 32, 64, 4), 4.60839771433696, -10.373609624643798, 15)
((1024, 0.0001, 0.0005, 8, 128, 8), 4.616118029379014, -6.96381293651487, 0)
((1024, 0.0001, 0.0005, 64, 16, 8), 4.617340253788833, -8.795074603368514, 19)
((1024, 0.0001, 0.0005, 8, 16, 2), 4.625406187247366, -10.410243568511708, 32)
((1024, 0.0001, 0.0005, 16, 128, 2), 4.649611260838894, -8.880860887500118, 1)
((1024, 0.0001, 0.0005, 32, 4, 4), 4.653925828654529, -9.724150800436291, 0)
((1024, 0.0001, 0.0005, 8, 8, 8), 4.657729665956571, -7.874669433443478, 26)
((1024, 0.0001, 0.0005, 32, 128, 2), 4.661893689580788, -10.244006935206729, 2)
((1024, 0.0001, 0.0005, 2, 32, 32), 4.668833098262965, -9.372398561932131, 13)
((1024, 0.0001, 0.0005, 4, 32, 2), 4.670475677361514, -7.740027472829352, 0)
((1024, 0.0001, 0.0005, 32, 4, 8), 4.673488144813656, -10.696343682029354, 0)
((1024, 0.0001, 0.0005, 128, 8, 32), 4.675105605926142, -9.461268727861727, 4)
((1024, 0.0001, 0.0005, 4, 16, 8), 4.675346178238022, -8.051283026314145, 0)
((1024, 0.0001, 0.0005, 4, 128, 8), 4.678102743247894, -10.443174215860553, 12)
((1024, 0.0001, 0.0005, 8, 8, 2), 4.683362730013731, -8.685517250459808, 0)
((1024, 0.0001, 0.0005, 4, 2, 4), 4.709676520361782, -8.543970613381857, 0)
((1024, 0.0001, 0.0005, 64, 64, 16), 4.711519449347899, -9.420931021495077, 8)
((1024, 0.0001, 0.0005, 4, 2, 16), 4.719994370866504, -9.786706712469092, 0)
((1024, 0.0001, 0.0005, 16, 32, 32), 4.721232526359559, -8.235651914219545, 16)
((1024, 0.0001, 0.0005, 8, 64, 4), 4.724933417302008, -9.352627387989758, 16)
((1024, 0.0001, 0.0005, 128, 2, 16), 4.729775366127416, -9.055925193144462, 44)
((1024, 0.0001, 0.0005, 8, 8, 16), 4.7307252655770755, -11.588023280323979, 17)
((1024, 0.0001, 0.0005, 64, 32, 2), 4.755442179534187, -10.499753906081578, 9)
((1024, 0.0001, 0.0005, 2, 2, 2), 4.757990420242752, -8.906282855540157, 14)
((1024, 0.0001, 0.0005, 16, 4, 2), 4.761604261681667, -8.454387530713511, 17)
((1024, 0.0001, 0.0005, 2, 16, 16), 4.767104818477073, -6.926549683301857, 0)
((1024, 0.0001, 0.0005, 8, 128, 16), 4.776463321158629, -7.6045192819481375, 0)
((1024, 0.0001, 0.0005, 2, 4, 4), 4.77792600129246, -8.725059946262604, 50)
((1024, 0.0001, 0.0005, 2, 128, 8), 4.783938563206977, -6.925426966757696, 0)
((1024, 0.0001, 0.0005, 16, 4, 16), 4.791774356078934, -9.75218286254941, 0)
((1024, 0.0001, 0.0005, 4, 8, 32), 4.8288775523766585, -8.235027600159595, 0)
((1024, 0.0001, 0.0005, 128, 8, 8), 4.838613127253689, -7.858298532911269, 11)
((1024, 0.0001, 0.0005, 8, 64, 2), 4.843403948469665, -9.820312556702705, 0)
((1024, 0.0001, 0.0005, 8, 8, 4), 4.844795050320447, -10.080467997359149, 6)
((1024, 0.0001, 0.0005, 128, 16, 4), 4.846662967773985, -9.30297373088456, 28)
((1024, 0.0001, 0.0005, 8, 16, 32), 4.882019000321774, -10.257184716490395, 9)
((1024, 0.0001, 0.0005, 16, 8, 16), 4.8867410359663594, -8.590708106999742, 0)
((1024, 0.0001, 0.0005, 128, 16, 8), 4.891192860314701, -9.86242885114521, 1)
((1024, 0.0001, 0.0005, 64, 2, 8), 4.895506584066969, -8.425151750337761, 45)
((1024, 0.0001, 0.0005, 16, 8, 8), 4.902441190128173, -7.329296302249775, 14)
((1024, 0.0001, 0.0005, 32, 8, 32), 4.907196674195912, -9.587352120548394, 0)
((1024, 0.0001, 0.0005, 128, 8, 4), 4.912315529729535, -9.230139644532413, 0)
((1024, 0.0001, 0.0005, 32, 4, 2), 4.91887776792116, -7.9332636768661695, 25)
((1024, 0.0001, 0.0005, 16, 32, 4), 4.933783891742259, -10.099599379409453, 15)
((1024, 0.0001, 0.0005, 2, 16, 2), 4.93572271498605, -9.139981489659602, 16)
((1024, 0.0001, 0.0005, 128, 8, 2), 4.947022850514692, -8.780672837281132, 20)
((1024, 0.0001, 0.0005, 64, 2, 16), 4.947834904785828, -7.887009554031209, 10)
((1024, 0.0001, 0.0005, 4, 64, 32), 4.948631944413595, -8.262887994523325, 4)
((1024, 0.0001, 0.0005, 8, 32, 32), 4.95830142998792, -9.174039590974177, 0)
((1024, 0.0001, 0.0005, 8, 64, 8), 4.971951500396568, -10.777983421788422, 23)
((1024, 0.0001, 0.0005, 16, 2, 2), 4.979881353646502, -9.05770633129846, 37)
((1024, 0.0001, 0.0005, 4, 4, 4), 4.994442997412366, -10.675605776778964, 41)
((1024, 0.0001, 0.0005, 8, 64, 16), 4.9977233359319815, -9.359240081762557, 2)
((1024, 0.0001, 0.0005, 128, 4, 4), 5.0020442876939315, -10.195733521575455, 8)
((1024, 0.0001, 0.0005, 32, 2, 16), 5.009426955797488, -8.598491603808457, 81)
((1024, 0.0001, 0.0005, 32, 8, 8), 5.011213362096999, -10.28379990766767, 13)
((1024, 0.0001, 0.0005, 128, 16, 16), 5.026117957411811, -8.720346699802787, 0)
((1024, 0.0001, 0.0005, 16, 8, 32), 5.036229789498378, -8.157495379355815, 27)
((1024, 0.0001, 0.0005, 2, 64, 8), 5.040206497163987, -8.023429367876105, 3)
((1024, 0.0001, 0.0005, 4, 16, 16), 5.044555568245652, -11.299587614140249, 10)
((1024, 0.0001, 0.0005, 8, 4, 32), 5.054607757614535, -10.091912612370535, 14)
((1024, 0.0001, 0.0005, 32, 16, 4), 5.0591965339010505, -9.778939313242425, 26)
((1024, 0.0001, 0.0005, 16, 64, 32), 5.060599633129181, -9.374994863655802, 2)
((1024, 0.0001, 0.0005, 16, 2, 8), 5.062962737866528, -10.66891287140988, 2)
((1024, 0.0001, 0.0005, 4, 128, 4), 5.073503772054771, -7.019382491072682, 0)
((1024, 0.0001, 0.0005, 4, 8, 2), 5.081483378276236, -9.03554679016281, 0)
((1024, 0.0001, 0.0005, 2, 4, 32), 5.090768064758358, -10.122812577641016, 10)
((1024, 0.0001, 0.0005, 2, 2, 4), 5.11822403894103, -11.505366477924285, 31)
((1024, 0.0001, 0.0005, 16, 64, 8), 5.123822710291841, -8.865756615454936, 0)
((1024, 0.0001, 0.0005, 8, 2, 4), 5.139857395967691, -8.79092031860583, 115)
((1024, 0.0001, 0.0005, 16, 16, 2), 5.1697805860408925, -9.680524019351525, 22)
((1024, 0.0001, 0.0005, 32, 8, 4), 5.182353548715511, -11.666311109398059, 33)
((1024, 0.0001, 0.0005, 8, 128, 32), 5.1831387137246345, -8.786080755702274, 0)
((1024, 0.0001, 0.0005, 8, 16, 16), 5.197131552319967, -8.336377344284761, 25)
((1024, 0.0001, 0.0005, 128, 128, 32), 5.197691464177869, -9.898283533437246, 2)
((1024, 0.0001, 0.0005, 2, 4, 16), 5.2045308986854995, -6.92640944557744, 12)
((1024, 0.0001, 0.0005, 64, 8, 32), 5.2144237014682515, -8.120205732344381, 22)
((1024, 0.0001, 0.0005, 16, 64, 2), 5.245655009977939, -7.950481850218919, 0)
((1024, 0.0001, 0.0005, 4, 32, 4), 5.249144705942397, -10.795038531376882, 0)
((1024, 0.0001, 0.0005, 128, 64, 8), 5.257151990547408, -8.637965328501535, 3)
((1024, 0.0001, 0.0005, 2, 32, 4), 5.267962708590754, -8.817798753075415, 0)
((1024, 0.0001, 0.0005, 2, 16, 4), 5.2859614987505985, -11.08836114240624, 3)
((1024, 0.0001, 0.0005, 128, 4, 32), 5.372954155683442, -8.605506060103098, 2)
((1024, 0.0001, 0.0005, 32, 2, 32), 5.380138007382014, -9.707007722204212, 4)
((1024, 0.0001, 0.0005, 8, 64, 32), 5.466623241693845, -9.534346078957078, 5)
((1024, 0.0001, 0.0005, 8, 4, 4), 5.467112501273737, -9.466907835559404, 16)
((1024, 0.0001, 0.0005, 64, 16, 16), 5.47773801001062, -10.005262320067258, 18)
((1024, 0.0001, 0.0005, 2, 128, 16), 5.478088342316703, -8.655367357543193, 0)
((1024, 0.0001, 0.0005, 32, 32, 2), 5.479746239814439, -9.538197214705285, 0)
((1024, 0.0001, 0.0005, 32, 8, 16), 5.483186905568994, -8.61204715004763, 6)
((1024, 0.0001, 0.0005, 64, 8, 16), 5.486683557195689, -10.434578586859685, 0)
((1024, 0.0001, 0.0005, 4, 2, 2), 5.507819876484093, -9.513905200925507, 4)
((1024, 0.0001, 0.0005, 4, 16, 4), 5.509774941880759, -8.139307445905203, 37)
((1024, 0.0001, 0.0005, 2, 4, 2), 5.512121492119309, -8.958172192514965, 0)
((1024, 0.0001, 0.0005, 8, 8, 32), 5.519396468418357, -9.517605614075636, 20)
((1024, 0.0001, 0.0005, 16, 2, 32), 5.524822122343218, -10.123682217685143, 10)
((1024, 0.0001, 0.0005, 64, 128, 2), 5.540182430626911, -12.618296772719681, 3)
((1024, 0.0001, 0.0005, 16, 32, 16), 5.564948002478664, -10.240963601084642, 6)
((1024, 0.0001, 0.0005, 64, 128, 4), 5.573056969032707, -10.42320798252108, 1)
((1024, 0.0001, 0.0005, 32, 16, 8), 5.592217992902384, -10.590725733166062, 12)
((1024, 0.0001, 0.0005, 128, 4, 2), 5.609914503597796, -10.910477432424749, 0)
((1024, 0.0001, 0.0005, 64, 4, 8), 5.645774172411723, -11.318236158588308, 8)
((1024, 0.0001, 0.0005, 2, 8, 8), 5.6695780236672535, -8.704463758257534, 0)
((1024, 0.0001, 0.0005, 2, 64, 2), 5.702713142589272, -10.068716157539873, 0)
((1024, 0.0001, 0.0005, 2, 4, 8), 5.730231119700523, -10.892589319290737, 0)
((1024, 0.0001, 0.0005, 16, 16, 32), 5.732903465524802, -10.667051268917376, 22)
((1024, 0.0001, 0.0005, 32, 128, 16), 5.883309761763634, -8.474526579585325, 0)
((1024, 0.0001, 0.0005, 16, 4, 32), 5.89662714035784, -9.210949918851613, 0)
((1024, 0.0001, 0.0005, 128, 16, 2), 5.950206261583468, -11.551077132706355, 9)
((1024, 0.0001, 0.0005, 128, 16, 32), 5.99244165495934, -10.351886332074642, 12)
((1024, 0.0001, 0.0005, 16, 32, 2), 6.05622889209093, -10.58187314089806, 0)
((1024, 0.0001, 0.0005, 4, 128, 2), 6.125941360889666, -12.18486506898198, 0)
((1024, 0.0001, 0.0005, 4, 4, 8), 6.1914228905418485, -11.777764461821862, 38)
((1024, 0.0001, 0.0005, 64, 16, 4), 6.246913395170283, -10.806285523250422, 14)
((1024, 0.0001, 0.0005, 64, 2, 32), 6.278512249650133, -7.8236336586445265, 79)
((1024, 0.0001, 0.0005, 8, 16, 8), 6.317774031252902, -13.740836520592637, 0)
((1024, 0.0001, 0.0005, 2, 128, 2), 6.466789569843213, -13.402860867755647, 2)
((1024, 0.0001, 0.0005, 4, 32, 16), 6.588623078722121, -12.341256677378357, 10)
((1024, 0.0001, 0.0005, 8, 128, 4), 6.805125397892879, -10.786218819471255, 0)
((1024, 0.0001, 0.0005, 8, 2, 8), 7.042782964359215, -8.864907277587633, 61)
((1024, 0.0001, 0.0005, 8, 2, 32), 7.443842317566402, -12.623848320470715, 0)
